[Chain]
10.0 10.0 30.0 
2.45798 2.50665 2.44973

[Chi]
20.0 -0.83

[Epsilon]
1.0

[Rama]
2.0
5
 1.3149  15.398 0.15   1.74 0.65 -2.138
1.32016 49.0521 0.25  1.265 0.45  0.318
 1.0264 49.0954 0.65 -1.041 0.25  -0.78
    2.0   419.0  1.0  0.995  1.0  0.820
    2.0  15.398  1.0   2.25  1.0  -2.16

[Rama_P]
3
 0.0    0.0 1.0   0.0  1.0   0.0
2.17 105.52 1.0 1.153 0.15  -2.4
2.15 109.09 1.0  0.95 0.15 0.218
 0.0    0.0 1.0   0.0  2.0   0.0
 0.0    0.0 1.0   0.0  2.0   0.0

[SSWeight]
0 0 0 1 1 0
0 0 0 0 0 0

[ABC]
0.483 0.703 -0.186
0.444 0.235 0.321
0.841 0.893 -0.734

[AMH-Go]
1.0
1.0
12.0
2

#[Fragment_Memory_Table]-
scaling_factor
mem_file
gamma_file
rmin rmax dr

[Fragment_Memory_Table]-
0.1
fusedtop7.mem
uniform.gamma
0 200 0.1
