0.02008 0.02008
-0.97029 -0.97029
-0.95968 -0.95968
-1.10222 -1.10222
-0.07947 -0.07947
-0.94469 -0.94469
-1.04851 -1.04851
-0.81391 -0.81391
-0.82511 -0.82511
0.3 0.3
0.3 0.3
-1.15156 -1.15156
-0.19268 -0.19268
-0.13143 -0.13143
-1.23459 -1.23459
-0.90625 -0.90625
-0.61996 -0.61996
-0.30337 -0.30337
-0.58817 -0.58817
0.21795 0.21795
-1.34172 -1.34172
-0.98113 -0.98113
-0.29078 -0.29078
-1.10038 -1.10038
-0.90918 -0.90918
-0.73378 -0.73378
-1.02864 -1.02864
-1.23414 -1.23414
-0.83629 -0.83629
-0.95104 -0.95104
-1.65588 -1.65588
-0.71696 -0.71696
-0.87514 -0.87514
-1.52493 -1.52493
-1.03109 -1.03109
-0.93446 -0.93446
-0.99973 -0.99973
-0.55913 -0.55913
-0.8696 -0.8696
-0.53597 -0.53597
-0.67516 -0.67516
-0.79217 -0.79217
-0.89376 -0.89376
-1.26236 -1.26236
-0.84493 -0.84493
-0.7691 -0.7691
-1.42436 -1.42436
-1.27835 -1.27835
-1.15476 -1.15476
-1.295 -1.295
-1.22234 -1.22234
-1.394 -1.394
-0.72171 -0.72171
-1.01412 -1.01412
-1.0731 -1.0731
-0.9746 -0.9746
-1.29115 -1.29115
-1.27284 -1.27284
-1.0696 -1.0696
-1.0936 -1.0936
-1.54744 -1.54744
-1.00437 -1.00437
-0.78457 -0.78457
-1.42113 -1.42113
-1.48262 -1.48262
-0.59441 -0.59441
-1.27866 -1.27866
-1.46253 -1.46253
-1.51675 -1.51675
-0.73443 -0.73443
-0.91979 -0.91979
-1.43946 -1.43946
-1.48187 -1.48187
-1.43631 -1.43631
0.27765 0.27765
-1.13436 -1.13436
-1.05792 -1.05792
-0.26608 -0.26608
-0.0059 -0.0059
0.00292 0.00292
0.27765 0.27765
-1.27523 -1.27523
-0.40216 -0.40216
0.15108 0.15108
-0.61417 -0.61417
-0.22818 -0.22818
-0.87514 -0.87514
-0.59953 -0.59953
0.16535 0.16535
0.25044 0.25044
-0.98707 -0.98707
-1.19166 -1.19166
-1.06915 -1.06915
-1.4175 -1.4175
-1.13182 -1.13182
-0.99462 -0.99462
-1.19136 -1.19136
-1.03239 -1.03239
-1.04518 -1.04518
-1.29608 -1.29608
-1.04194 -1.04194
-0.73212 -0.73212
-1.25603 -1.25603
-0.90566 -0.90566
-0.97501 -0.97501
-1.55794 -1.55794
-1.24838 -1.24838
-1.20342 -1.20342
-1.19386 -1.19386
-1.25673 -1.25673
-0.56982 -0.56982
-1.4682 -1.4682
-1.44976 -1.44976
-1.4771 -1.4771
-1.00794 -1.00794
-0.65214 -0.65214
-1.15995 -1.15995
-1.01565 -1.01565
-1.08175 -1.08175
-0.32964 -0.32964
-1.12355 -1.12355
-0.6629 -0.6629
-0.91921 -0.91921
-1.1828 -1.1828
-0.56639 -0.56639
-0.75223 -0.75223
-1.11565 -1.11565
-0.6767 -0.6767
-0.83835 -0.83835
-0.66139 -0.66139
-0.5509 -0.5509
-0.81307 -0.81307
-0.85836 -0.85836
-0.99507 -0.99507
-0.6175 -0.6175
-1.2531 -1.2531
-0.50391 -0.50391
-0.33168 -0.33168
-1.30334 -1.30334
-0.72873 -0.72873
-0.79281 -0.79281
-0.71218 -0.71218
-0.43916 -0.43916
-0.54452 -0.54452
0.27765 0.27765
0.27765 0.27765
-1.41005 -1.41005
0.04411 0.04411
0.17776 0.17776
-1.13051 -1.13051
-1.13115 -1.13115
-0.72432 -0.72432
0.11944 0.11944
0.19623 0.19623
0.27765 0.27765
0.27765 0.27765
-1.36247 -1.36247
0.15247 0.15247
0.09269 0.09269
-1.24303 -1.24303
-1.04118 -1.04118
-0.68943 -0.68943
0.27765 0.27765
-0.00683 -0.00683
0.27765 0.27765
-1.6679 -1.6679
-1.40482 -1.40482
-1.36343 -1.36343
-1.7 -1.7
-1.32154 -1.32154
-1.24786 -1.24786
-1.09795 -1.09795
-0.88036 -0.88036
-1.31803 -1.31803
-0.18252 -0.18252
-0.01129 -0.01129
-1.19677 -1.19677
-1.03441 -1.03441
-0.79307 -0.79307
-0.58328 -0.58328
-0.065 -0.065
-0.07192 -0.07192
0.27765 0.27765
-0.91792 -0.91792
-0.96722 -0.96722
-0.85505 -0.85505
-0.03004 -0.03004
-0.08472 -0.08472
0.08365 0.08365
-1.20719 -1.20719
-1.26169 -1.26169
-1.17021 -1.17021
-0.68839 -0.68839
-0.64108 -0.64108
-1.02755 -1.02755
-0.80439 -0.80439
-0.79587 -0.79587
-1.02055 -1.02055
-0.99943 -0.99943
-0.94936 -0.94936
-0.53946 -0.53946
-1.13765 -1.13765
-0.9237 -0.9237
-0.51872 -0.51872
-0.62514 -0.62514
-0.48782 -0.48782
-0.18266 -0.18266
-0.15413 -0.15413
-0.08269 -0.08269
0.27765 0.27765

-0.60832 -0.68029
-0.65828 -0.70265
-0.69069 -0.70416
-0.69964 -0.76961
-0.43217 -0.41373
-0.72057 -0.82221
-0.67899 -0.78538
-0.65326 -0.74455
-0.67405 -0.86184
-0.57977 -0.48637
-0.6043 -0.43722
-0.67687 -0.62205
-0.54178 -0.64144
-0.38792 -0.39124
-0.70205 -0.70099
-0.70069 -0.66267
-0.64808 -0.67037
-0.61117 -0.78093
-0.51168 -0.56024
-0.37395 -0.44684
-0.74869 -0.07867
-0.75079 -0.06371
-0.67675 0.3
-0.27195 -0.24295
-0.73706 -0.26894
-0.73115 0.27413
-0.70622 -0.38059
-0.7564 -0.37534
-0.73572 -0.62862
-0.77229 -0.74424
-0.78426 -0.23299
-0.8634 -0.56155
-0.83308 -0.81221
-0.68581 -0.26919
-0.68911 -0.38283
-0.71449 -0.34992
-0.90227 -0.75277
-0.5538 -1.16995
-0.68709 -0.58683
-0.73299 -0.11603
-0.70743 -0.42155
-0.53784 -0.53092
-0.72015 -0.3119
-0.73036 -0.42901
-0.69206 -0.6024
-0.69511 -0.5724
-0.92039 -0.45565
-0.83181 -0.51474
-0.75056 -0.25877
-0.79872 -0.79956
-0.81238 -0.59605
-0.70625 -0.13262
-0.69993 -0.39487
-0.72141 -0.40011
-0.6195 -1.00401
-0.56373 -1.1461
-0.80581 -0.70081
-0.69539 -0.47099
-0.93788 -0.17926
-0.73122 -0.39401
-0.74083 -0.50029
-0.7221 -0.4514
-0.695 -0.08573
-0.88409 -0.43417
-0.89722 -0.45744
-0.72541 0.13757
-0.88331 -0.71554
-0.89372 -0.6968
-0.72007 -0.22486
-0.704 -0.61417
-0.70634 -0.52311
-0.82595 -0.83552
-0.65078 -1.12531
-0.84811 -0.52483
-0.31389 -0.06165
-0.53596 -0.04395
-0.54732 -0.8467
-0.31083 -0.7826
-0.67357 -0.7399
-0.37426 0.20614
-0.38937 -0.44998
-0.71157 -0.4019
0.03057 -1.2182
0.18146 0.06621
-0.30653 -0.67573
-0.17872 -0.54849
-0.36496 -0.80703
-0.11504 0.3
-0.18469 -0.27689
-0.07916 -0.69833
-0.66971 -0.37794
-0.73565 -0.10604
-0.68874 -0.58637
-0.66179 -0.12546
-0.79131 -0.59399
-0.83304 -0.67602
-0.76926 -0.25613
-0.82827 -0.77137
-0.65735 -0.77603
-0.68797 -0.23531
-0.71623 -0.3696
-0.73444 -0.33309
-0.75508 -0.96826
-0.79834 -1.391
-0.60992 -0.72081
-0.74226 -0.31508
-0.71285 -0.60582
-0.74891 -0.30149
-0.80557 -0.47578
-0.95627 -0.56751
-0.73084 0.3
-0.93276 -0.47577
-0.85693 -0.77425
-0.72257 -0.22487
-0.71138 -0.52138
-0.70866 -0.55515
-0.69727 -0.99366
-0.74156 -1.17184
-0.82008 -0.55587
-0.61328 -0.77866
-0.72869 -0.41494
-0.75236 -0.53495
-0.75367 -0.52514
-0.73122 -0.4292
-0.48526 -0.64887
-0.78094 -0.37991
-0.63821 -0.33436
-0.66996 -0.55734
-0.68383 -0.51608
-0.73213 -0.57312
-0.62073 -0.69892
-0.64533 -0.50255
-0.5874 0.06384
-0.70369 -0.32566
-0.70163 -0.70163
-0.80221 -0.06753
-0.61303 -0.81858
-0.31271 -0.81165
-0.66743 -0.17064
-0.6493 -0.56561
-0.678 -0.28694
-0.21905 -0.99164
-0.35466 -0.98368
-0.67019 -0.66617
0.3 0.3
0.3 -0.3183
-0.79048 -0.49986
0.02131 0.03786
0.23015 -0.35185
-0.88864 -0.43279
-0.68196 -0.39359
-0.59212 -0.45548
-0.35742 -0.33288
-0.47012 -0.3312
-0.01029 0.07012
0.3 -0.33398
-0.77158 -0.63165
0.04094 -0.42779
-0.00151 -0.44661
-0.85156 -0.58776
-0.83211 -0.40698
-0.57076 -0.44184
-0.31548 0.0551
-0.35077 -0.38226
-0.06026 -0.27397
-0.7565 -0.28108
-0.84329 -0.64161
-0.86603 -0.9643
-0.72564 -0.15259
-0.73336 -0.36673
-0.7325 -0.2327
-0.90581 -1.32141
-0.98954 -1.27989
-0.83343 -0.66597
-0.37905 -1.7
0.01604 -0.39615
-0.68602 -0.57226
-0.62886 -0.73057
-0.64094 -0.47932
-0.19701 -1.55004
-0.42548 -0.83545
-0.29707 -0.07563
0.3 -0.17956
-0.90807 -0.44372
-0.69001 -0.56757
-0.57871 -0.54224
-0.04418 -0.16274
-0.42501 -0.80814
0.12719 -0.5002
-0.70838 -0.36729
-0.70118 -0.18047
-0.71429 -0.6279
-0.22946 -1.2602
-0.7746 -1.04442
-0.8019 -0.49323
-0.67531 -0.47036
-0.71105 -0.51384
-0.59353 -0.65161
-0.73315 -0.78735
-0.70259 -0.59576
-0.71447 -0.32508
-0.57333 -0.82819
-0.75899 -1.06672
-0.80044 -0.5052
-0.27355 -1.7
-0.54843 -1.64841
-0.26281 0.3
-0.4891 -1.14608
-0.10692 -0.32469
0.03327 0.16844
