[Go-Model_LJ]
0.21 0.21

[Bonds]
100.0
3.8223 3.8226 3.8242 3.8255 3.8237 3.8177 3.837 3.8237 3.8248 3.8228 3.8256 3.8202 3.8221 3.8219 3.818 3.7962 3.8084 3.8026 3.8157 3.8203 3.8213 3.8216 3.8209 3.8224 3.8237 3.8209 3.8159 3.8286 3.8216 3.8214 3.8192 3.8253 3.8284 3.7974 3.8136 3.8158 3.8204 3.8231 3.8213 3.8212 3.8217 3.8196 3.8205 3.8207 3.8184 3.8204 3.8247 3.8183 3.8218 3.817 3.817 3.8263 3.8113 3.8181 3.8239

[Angles]
20.0
0.847 0.82 1.379 1.574 0.739 1.382 1.37 1.459 1.144 1.333 0.948 1.588 1.576 1.04 1.109 1.24 0.893 0.681 1.084 1.533 1.059 1.107 0.85 1.228 1.172 1.181 0.687 1.271 1.466 1.056 1.214 0.893 1.173 1.058 1.123 0.919 1.031 1.147 1.538 1.344 1.416 1.357 0.971 1.073 0.859 1.306 1.169 1.173 1.572 1.632 1.506 0.755 0.762 1.446

[Dihedrals]
1.0 0.5
2.209 2.1 2.933 -0.073 1.692 2.573 2.633 2.951 2.715 -1.077 2.148 -1.417 -0.639 2.375 2.192 3.095 2.287 1.515 -0.538 -2.016 2.088 -3.133 2.371 2.339 2.983 0.489 -1.406 3.048 -1.347 1.411 -1.414 0.584 3.076 2.107 2.965 2.483 2.29 2.646 -1.194 0.094 2.06 -2.678 2.216 -2.876 2.12 2.789 2.027 2.326 -0.929 -0.882 -0.936 3.008 1.818

[Contacts]
0 0 0 0 0 0 0 0 0 0 0 0 0 0 0 0 1 1 1 1 1 1 1 0 0 0 0 0 0 0 0 0 1 1 1 1 0 0 0 0 0 0 0 0 0 0 0 0 1 1 1 1
0 0 0 0 0 0 0 0 0 0 0 0 0 0 1 1 1 1 1 1 1 1 0 0 1 0 0 0 0 1 1 1 1 1 0 0 0 0 0 0 0 0 1 1 1 1 1 1 1 1 1
1 0 0 0 0 0 0 0 0 0 0 1 1 1 1 1 1 1 1 1 0 0 0 0 0 0 0 0 0 0 1 0 1 0 0 0 0 0 0 0 0 1 1 1 1 1 1 1 1 1
1 1 0 0 0 0 0 0 0 1 1 1 1 1 1 1 1 1 1 0 0 0 0 0 0 0 0 1 1 1 1 1 0 0 0 0 0 0 1 1 1 1 1 1 1 1 1 1 1
0 0 0 0 0 0 0 0 0 1 1 1 1 1 1 1 0 0 0 0 0 0 0 0 0 0 0 0 0 0 0 0 0 0 0 0 0 0 0 1 1 1 1 1 1 1 1 1
1 0 0 0 0 0 0 1 1 1 1 1 1 0 0 0 0 0 0 0 0 0 0 0 0 0 0 0 0 0 0 0 0 0 0 0 0 0 1 1 1 1 1 1 1 0 0
0 0 0 0 0 1 1 1 1 1 1 1 0 0 0 0 0 0 0 0 0 0 0 0 0 0 0 0 0 0 0 0 0 0 0 1 1 1 1 1 1 1 1 0 0 0
1 0 0 1 1 1 1 1 1 0 1 0 0 0 0 0 0 0 0 0 0 0 1 0 0 0 0 0 0 0 0 0 0 0 1 1 1 1 1 1 1 1 0 0 0
1 0 1 1 1 1 1 1 0 0 0 0 0 0 0 0 0 0 0 0 0 0 0 0 0 0 0 0 0 0 0 0 0 1 1 1 1 0 0 1 0 0 0 0
1 1 1 1 1 1 0 0 0 0 0 0 0 0 0 0 0 0 0 0 1 0 0 0 0 0 0 0 0 0 0 0 1 1 1 1 0 0 1 0 0 0 0
1 1 1 1 0 0 0 0 0 0 0 0 0 0 0 0 0 0 0 0 0 0 0 0 0 0 0 0 0 0 0 1 1 0 0 0 0 0 0 0 0 0
1 1 0 0 0 0 0 0 0 0 0 0 0 0 0 0 0 0 0 0 0 0 0 0 0 0 0 0 0 0 1 1 0 0 0 0 0 0 0 0 0
1 0 0 0 0 0 0 0 0 0 0 0 0 0 0 0 0 0 0 0 0 0 0 0 0 0 0 1 1 1 1 0 0 0 0 0 0 0 0 0
0 0 0 0 0 0 0 0 0 0 0 0 0 0 0 0 0 0 1 0 0 0 0 0 0 0 1 1 1 1 1 0 0 0 0 0 0 0 0
0 0 0 0 0 0 0 0 0 0 0 0 0 0 0 1 1 1 1 1 0 0 0 0 0 1 1 1 1 1 1 0 0 0 0 0 0 0
0 0 0 0 1 0 0 0 0 0 0 0 0 0 1 1 1 1 1 1 0 0 0 1 1 1 1 1 1 1 0 0 0 0 0 0 0
0 1 0 1 0 0 0 0 0 0 0 0 0 0 0 1 1 1 1 0 0 0 0 1 1 1 1 1 1 0 0 1 0 0 0 0
1 1 1 1 0 0 0 0 0 0 0 0 0 0 1 1 1 1 0 0 0 0 1 1 1 1 1 1 0 0 1 1 0 0 0
1 1 0 0 0 0 0 0 0 0 0 0 0 0 0 0 1 0 0 0 0 0 0 1 1 1 1 0 0 1 1 0 0 0
1 0 0 0 0 0 0 0 0 0 0 0 0 0 0 0 0 0 0 0 0 0 0 0 1 1 0 0 1 1 1 0 1
0 0 0 0 0 0 0 0 0 0 0 0 0 0 0 0 0 0 0 0 0 0 0 0 0 0 0 1 1 1 0 1
0 0 0 0 0 0 0 0 0 0 0 1 1 1 1 1 0 0 0 0 0 0 1 0 0 0 1 1 1 0 1
0 0 0 0 0 0 0 0 0 0 1 1 1 1 1 1 1 0 0 0 0 1 0 0 0 0 1 1 1 1
0 0 0 0 0 0 0 1 1 1 1 1 1 1 1 1 1 1 1 1 1 1 0 0 1 1 1 1 1
0 0 0 0 0 0 1 1 1 1 1 1 1 0 1 1 1 1 1 1 0 0 0 0 1 1 1 1
1 1 0 0 1 1 1 1 1 1 1 0 0 0 0 1 1 1 1 1 1 0 0 1 1 1 1
0 0 0 1 1 1 1 1 1 0 0 0 0 0 1 1 1 1 0 1 0 0 0 0 0 0
1 1 1 1 1 1 1 0 0 0 0 0 0 1 1 1 1 0 1 0 0 0 0 0 0
1 1 1 1 1 0 0 0 0 0 0 0 0 0 1 1 1 1 0 0 0 0 0 0
1 1 1 1 0 0 0 0 0 0 0 0 0 0 0 1 1 0 0 1 1 1 0
1 1 0 0 0 0 0 0 0 0 0 0 0 0 1 1 1 0 0 1 1 0
1 0 0 0 0 0 0 0 0 0 0 0 1 1 1 1 1 1 1 1 0
0 0 0 0 0 0 0 0 0 0 1 1 1 1 1 1 1 1 0 0
0 0 0 0 0 0 0 0 1 1 1 1 1 1 1 1 1 0 0
0 0 0 0 0 0 1 1 1 1 1 1 1 1 1 1 0 0
0 0 0 0 1 1 1 1 1 1 1 0 1 1 0 0 0
0 0 1 1 1 1 1 1 1 1 0 1 1 1 0 0
1 1 1 1 1 1 1 0 0 0 0 0 0 0 0
1 1 1 1 1 1 0 0 0 0 0 0 0 0
1 1 1 0 0 0 0 0 0 0 0 0 0
1 0 0 0 0 0 0 0 0 0 0 0
1 0 0 0 0 0 0 0 0 0 0
0 0 0 0 0 0 0 0 0 0
1 0 0 0 0 0 0 0 0
0 0 0 0 0 0 0 0
0 0 0 0 0 0 0
1 1 1 0 0 0
1 1 1 0 0
1 1 0 0
1 1 0
1 0
0


4.0 4.0 4.0 4.0 4.0 4.0 4.0 4.0 4.0 4.0 4.0 4.0 4.0 4.0 4.0 4.0 11.958 10.672 7.264 6.762 5.848 7.247 10.519 4.0 4.0 4.0 4.0 4.0 4.0 4.0 4.0 4.0 10.153 11.01 11.026 11.108 4.0 4.0 4.0 4.0 4.0 4.0 4.0 4.0 4.0 4.0 4.0 4.0 10.471 9.048 6.537 6.435
4.0 4.0 4.0 4.0 4.0 4.0 4.0 4.0 4.0 4.0 4.0 4.0 4.0 4.0 10.665 10.132 9.426 6.999 6.242 6.659 6.784 10.548 4.0 4.0 11.747 4.0 4.0 4.0 4.0 11.213 11.648 9.156 11.044 11.212 4.0 4.0 4.0 4.0 4.0 4.0 4.0 4.0 10.491 11.791 10.195 11.925 10.429 6.694 5.458 4.168 4.873
10.514 4.0 4.0 4.0 4.0 4.0 4.0 4.0 4.0 4.0 4.0 10.334 9.175 6.986 6.763 6.944 6.105 6.618 8.842 9.318 4.0 4.0 4.0 4.0 4.0 4.0 4.0 4.0 4.0 4.0 10.288 4.0 11.41 4.0 4.0 4.0 4.0 4.0 4.0 4.0 4.0 9.854 10.974 10.045 10.726 8.342 5.28 5.207 6.207 5.579
8.31 11.737 4.0 4.0 4.0 4.0 4.0 4.0 4.0 10.259 7.285 5.985 4.476 6.331 6.52 7.366 7.416 10.336 10.422 4.0 4.0 4.0 4.0 4.0 4.0 4.0 4.0 11.717 11.934 9.986 11.96 11.262 4.0 4.0 4.0 4.0 4.0 4.0 11.78 11.188 7.602 8.617 8.847 8.979 5.663 4.266 6.617 9.098 9.121
4.0 4.0 4.0 4.0 4.0 4.0 4.0 4.0 4.0 9.935 7.837 5.373 7.761 9.471 10.738 11.131 4.0 4.0 4.0 4.0 4.0 4.0 4.0 4.0 4.0 4.0 4.0 4.0 4.0 4.0 4.0 4.0 4.0 4.0 4.0 4.0 4.0 4.0 4.0 9.753 9.251 8.891 7.447 4.621 4.655 6.333 9.667 9.555
11.588 4.0 4.0 4.0 4.0 4.0 4.0 9.928 8.185 5.914 4.9 8.535 9.953 4.0 4.0 4.0 4.0 4.0 4.0 4.0 4.0 4.0 4.0 4.0 4.0 4.0 4.0 4.0 4.0 4.0 4.0 4.0 4.0 4.0 4.0 4.0 4.0 4.0 9.483 9.015 10.096 8.321 4.916 7.032 9.788 4.0 4.0
4.0 4.0 4.0 4.0 4.0 10.245 6.671 5.364 3.616 5.36 9.046 9.383 4.0 4.0 4.0 4.0 4.0 4.0 4.0 4.0 4.0 4.0 4.0 4.0 4.0 4.0 4.0 4.0 4.0 4.0 4.0 4.0 4.0 4.0 4.0 11.896 11.706 8.894 9.444 11.706 10.705 7.115 9.193 4.0 4.0 4.0
11.632 4.0 4.0 9.463 8.412 5.249 5.96 6.562 8.681 4.0 11.964 4.0 4.0 4.0 4.0 4.0 4.0 4.0 4.0 4.0 4.0 4.0 10.88 4.0 4.0 4.0 4.0 4.0 4.0 4.0 4.0 4.0 4.0 4.0 10.083 9.152 6.873 6.891 9.994 9.37 6.486 9.228 4.0 4.0 4.0
10.921 4.0 9.346 8.138 4.947 7.302 8.3 11.181 4.0 4.0 4.0 4.0 4.0 4.0 4.0 4.0 4.0 4.0 4.0 4.0 4.0 4.0 4.0 4.0 4.0 4.0 4.0 4.0 4.0 4.0 4.0 4.0 4.0 11.077 10.855 9.712 10.029 4.0 4.0 10.246 4.0 4.0 4.0 4.0
8.611 6.187 6.283 4.912 8.397 10.697 4.0 4.0 4.0 4.0 4.0 4.0 4.0 4.0 4.0 4.0 4.0 4.0 4.0 4.0 11.617 4.0 4.0 4.0 4.0 4.0 4.0 4.0 4.0 4.0 4.0 4.0 9.119 8.688 8.871 9.412 4.0 4.0 11.42 4.0 4.0 4.0 4.0
7.787 8.359 7.878 11.62 4.0 4.0 4.0 4.0 4.0 4.0 4.0 4.0 4.0 4.0 4.0 4.0 4.0 4.0 4.0 4.0 4.0 4.0 4.0 4.0 4.0 4.0 4.0 4.0 4.0 4.0 4.0 11.555 11.5 4.0 4.0 4.0 4.0 4.0 4.0 4.0 4.0 4.0
7.79 9.05 4.0 4.0 4.0 4.0 4.0 4.0 4.0 4.0 4.0 4.0 4.0 4.0 4.0 4.0 4.0 4.0 4.0 4.0 4.0 4.0 4.0 4.0 4.0 4.0 4.0 4.0 4.0 4.0 10.409 10.699 4.0 4.0 4.0 4.0 4.0 4.0 4.0 4.0 4.0
8.714 4.0 4.0 4.0 4.0 4.0 4.0 4.0 4.0 4.0 4.0 4.0 4.0 4.0 4.0 4.0 4.0 4.0 4.0 4.0 4.0 4.0 4.0 4.0 4.0 4.0 4.0 11.151 10.086 8.58 10.105 4.0 4.0 4.0 4.0 4.0 4.0 4.0 4.0 4.0
4.0 4.0 4.0 4.0 4.0 4.0 4.0 4.0 4.0 4.0 4.0 4.0 4.0 4.0 4.0 4.0 4.0 4.0 10.56 4.0 4.0 4.0 4.0 4.0 4.0 4.0 10.951 8.697 7.217 7.86 11.124 4.0 4.0 4.0 4.0 4.0 4.0 4.0 4.0
4.0 4.0 4.0 4.0 4.0 4.0 4.0 4.0 4.0 4.0 4.0 4.0 4.0 4.0 4.0 9.728 10.266 8.242 9.773 10.874 4.0 4.0 4.0 4.0 4.0 9.878 7.39 4.46 4.763 7.495 9.574 4.0 4.0 4.0 4.0 4.0 4.0 4.0
4.0 4.0 4.0 4.0 11.725 4.0 4.0 4.0 4.0 4.0 4.0 4.0 4.0 4.0 11.854 11.84 9.409 9.402 9.675 10.03 4.0 4.0 4.0 11.425 7.94 6.767 3.997 6.261 7.612 10.455 4.0 4.0 4.0 4.0 4.0 4.0 4.0
4.0 11.355 4.0 11.73 4.0 4.0 4.0 4.0 4.0 4.0 4.0 4.0 4.0 4.0 4.0 11.221 10.797 11.581 11.178 4.0 4.0 4.0 4.0 10.702 9.914 6.758 7.846 7.355 9.531 4.0 4.0 10.598 4.0 4.0 4.0 4.0
7.555 9.469 8.743 11.92 4.0 4.0 4.0 4.0 4.0 4.0 4.0 4.0 4.0 4.0 11.175 9.575 10.176 8.974 4.0 4.0 4.0 4.0 10.439 10.14 7.544 8.803 7.095 9.707 4.0 4.0 9.475 10.048 4.0 4.0 4.0
9.087 9.728 4.0 4.0 4.0 4.0 4.0 4.0 4.0 4.0 4.0 4.0 4.0 4.0 4.0 4.0 11.122 4.0 4.0 4.0 4.0 4.0 4.0 11.197 11.941 9.323 11.049 4.0 4.0 8.964 9.644 4.0 4.0 4.0
9.92 4.0 4.0 4.0 4.0 4.0 4.0 4.0 4.0 4.0 4.0 4.0 4.0 4.0 4.0 4.0 4.0 4.0 4.0 4.0 4.0 4.0 4.0 4.0 10.781 11.858 4.0 4.0 8.394 8.42 10.456 4.0 11.814
4.0 4.0 4.0 4.0 4.0 4.0 4.0 4.0 4.0 4.0 4.0 4.0 4.0 4.0 4.0 4.0 4.0 4.0 4.0 4.0 4.0 4.0 4.0 4.0 4.0 4.0 4.0 11.425 10.331 11.316 4.0 10.717
4.0 4.0 4.0 4.0 4.0 4.0 4.0 4.0 4.0 4.0 4.0 11.445 11.264 8.593 9.972 9.75 4.0 4.0 4.0 4.0 4.0 4.0 11.633 4.0 4.0 4.0 11.961 10.527 11.977 4.0 11.573
4.0 4.0 4.0 4.0 4.0 4.0 4.0 4.0 4.0 4.0 9.589 9.237 6.979 7.703 8.837 11.801 11.766 4.0 4.0 4.0 4.0 11.537 4.0 4.0 4.0 4.0 10.338 11.064 10.978 9.864
4.0 4.0 4.0 4.0 4.0 4.0 4.0 11.103 9.476 5.817 5.893 5.025 6.92 9.128 11.182 9.986 10.268 9.85 9.564 10.542 8.878 11.926 4.0 4.0 11.778 9.207 10.398 10.317 10.58
4.0 4.0 4.0 4.0 4.0 4.0 10.246 8.599 5.15 5.253 6.301 7.299 10.629 4.0 10.122 10.842 9.854 10.429 11.041 10.166 4.0 4.0 4.0 4.0 10.806 11.31 10.227 11.265
8.949 11.912 4.0 4.0 10.346 6.854 6.143 4.131 6.55 8.957 10.777 4.0 4.0 4.0 4.0 10.05 9.91 9.231 8.482 10.742 10.047 4.0 4.0 9.402 9.966 9.172 11.444
4.0 4.0 4.0 10.547 6.775 5.425 5.151 6.922 10.356 4.0 4.0 4.0 4.0 4.0 9.353 10.025 9.349 10.071 4.0 11.939 4.0 4.0 4.0 4.0 4.0 4.0
10.943 10.604 9.171 5.742 6.28 7.855 10.392 4.0 4.0 4.0 4.0 4.0 4.0 11.869 11.874 10.05 10.903 4.0 11.169 4.0 4.0 4.0 4.0 4.0 4.0
7.392 7.121 4.878 7.501 9.826 4.0 4.0 4.0 4.0 4.0 4.0 4.0 4.0 4.0 10.32 10.676 10.56 9.094 4.0 4.0 4.0 4.0 4.0 4.0
9.237 7.282 10.207 11.548 4.0 4.0 4.0 4.0 4.0 4.0 4.0 4.0 4.0 4.0 4.0 11.686 9.037 4.0 4.0 11.687 11.113 10.501 4.0
8.379 11.995 4.0 4.0 4.0 4.0 4.0 4.0 4.0 4.0 4.0 4.0 4.0 4.0 11.183 8.262 10.853 4.0 4.0 11.635 11.958 4.0
11.718 4.0 4.0 4.0 4.0 4.0 4.0 4.0 4.0 4.0 4.0 4.0 10.934 8.377 5.346 7.302 10.232 9.687 9.991 11.516 4.0
4.0 4.0 4.0 4.0 4.0 4.0 4.0 4.0 4.0 4.0 9.866 9.085 6.406 5.213 7.487 9.859 10.217 11.794 4.0 4.0
4.0 4.0 4.0 4.0 4.0 4.0 4.0 4.0 9.853 6.062 5.974 4.502 5.344 8.299 9.159 9.473 11.886 4.0 4.0
4.0 4.0 4.0 4.0 4.0 4.0 10.62 8.794 5.69 5.879 6.42 6.395 10.1 10.307 9.209 11.07 4.0 4.0
4.0 4.0 4.0 4.0 10.389 6.87 5.731 4.0 5.741 8.181 9.303 4.0 11.884 10.727 4.0 4.0 4.0
4.0 4.0 9.865 8.697 6.21 5.831 5.998 6.169 9.45 10.3 4.0 11.736 9.848 11.784 4.0 4.0
9.019 6.135 5.819 4.769 6.45 8.489 9.208 4.0 4.0 4.0 4.0 4.0 4.0 4.0 4.0
5.078 5.79 6.871 8.105 10.74 10.631 4.0 4.0 4.0 4.0 4.0 4.0 4.0 4.0
8.029 9.849 11.768 4.0 4.0 4.0 4.0 4.0 4.0 4.0 4.0 4.0 4.0
11.139 4.0 4.0 4.0 4.0 4.0 4.0 4.0 4.0 4.0 4.0 4.0
11.747 4.0 4.0 4.0 4.0 4.0 4.0 4.0 4.0 4.0 4.0
4.0 4.0 4.0 4.0 4.0 4.0 4.0 4.0 4.0 4.0
11.915 4.0 4.0 4.0 4.0 4.0 4.0 4.0 4.0
4.0 4.0 4.0 4.0 4.0 4.0 4.0 4.0
4.0 4.0 4.0 4.0 4.0 4.0 4.0
11.68 10.37 10.492 4.0 4.0 4.0
6.727 6.815 10.199 4.0 4.0
6.329 9.62 4.0 4.0
7.052 9.721 4.0
10.997 4.0
4.0



