  54 # base-pairs
   0 # ***local base-pair & step parameters***
#        Shear    Stretch   Stagger   Buckle   Prop-Tw   Opening     Shift     Slide     Rise      Tilt      Roll      Twist
A-T      0.070    -0.190     0.070     1.800   -15.000     1.500     0.000     0.000     0.000     0.000     0.000     0.000
A-T      0.070    -0.190     0.070     1.800   -15.000     1.500    -0.050    -0.210     3.270    -1.840     0.760    35.310
A-T      0.070    -0.190     0.070     1.800   -15.000     1.500    -0.050    -0.210     3.270    -1.840     0.760    35.310
T-A     -0.070    -0.190     0.070    -1.800   -15.000     1.500     0.000    -0.560     3.390     0.000    -1.390    31.210
T-A     -0.070    -0.190     0.070    -1.800   -15.000     1.500     0.050    -0.210     3.270     1.840     0.910    35.310
T-A     -0.070    -0.190     0.070    -1.800   -15.000     1.500     0.050    -0.210     3.270     1.840     0.910    35.310
G-C     -0.160    -0.170     0.150     4.900    -8.700    -0.600     0.160     0.180     3.380     0.050     5.950    35.020
T-A     -0.070    -0.190     0.070    -1.800   -15.000     1.500    -0.210    -0.540     3.390     0.640     0.910    31.520
T-A     -0.070    -0.190     0.070    -1.800   -15.000     1.500     0.050    -0.210     3.270     1.840     0.910    35.310
T-A     -0.070    -0.190     0.070    -1.800   -15.000     1.500     0.050    -0.210     3.270     1.840     0.910    35.310
G-C     -0.160    -0.170     0.150     4.900    -8.700    -0.600     0.160     0.180     3.380     0.050     5.950    35.020
A-T      0.070    -0.190     0.070     1.800   -15.000     1.500    -0.270    -0.030     3.350    -1.520     3.870    34.800
A-T      0.070    -0.190     0.070     1.800   -15.000     1.500    -0.050    -0.210     3.270    -1.840     0.760    35.310
T-A     -0.070    -0.190     0.070    -1.800   -15.000     1.500     0.000    -0.560     3.390     0.000    -1.390    31.210
T-A     -0.070    -0.190     0.070    -1.800   -15.000     1.500     0.050    -0.210     3.270     1.840     0.910    35.310
T-A     -0.070    -0.190     0.070    -1.800   -15.000     1.500     0.050    -0.210     3.270     1.840     0.910    35.310
T-A     -0.070    -0.190     0.070    -1.800   -15.000     1.500     0.050    -0.210     3.270     1.840     0.910    35.310
G-C     -0.160    -0.170     0.150     4.900    -8.700    -0.600     0.160     0.180     3.380     0.050     5.950    35.020
A-T      0.070    -0.190     0.070     1.800   -15.000     1.500    -0.270    -0.030     3.350    -1.520     3.870    34.800
G-C     -0.160    -0.170     0.150     4.900    -8.700    -0.600     0.120    -0.270     3.380    -1.480     3.150    33.050
C-G      0.160    -0.170     0.150    -4.900    -8.700    -0.600     0.000    -0.070     3.380     0.000     0.670    34.380
A-T      0.070    -0.190     0.070     1.800   -15.000     1.500    -0.160     0.180     3.380    -0.050     5.950    35.020
A-T      0.070    -0.190     0.070     1.800   -15.000     1.500    -0.050    -0.210     3.270    -1.840     0.760    35.310
A-T      0.070    -0.190     0.070     1.800   -15.000     1.500    -0.050    -0.210     3.270    -1.840     0.760    35.310
T-A     -0.070    -0.190     0.070    -1.800   -15.000     1.500     0.000    -0.560     3.390     0.000    -1.390    31.210
T-A     -0.070    -0.190     0.070    -1.800   -15.000     1.500     0.050    -0.210     3.270     1.840     0.910    35.310
T-A     -0.070    -0.190     0.070    -1.800   -15.000     1.500     0.050    -0.210     3.270     1.840     0.910    35.310
A-T      0.070    -0.190     0.070     1.800   -15.000     1.500     0.000     0.030     3.340     0.000     5.250    36.200
A-T      0.070    -0.190     0.070     1.800   -15.000     1.500    -0.050    -0.210     3.270    -1.840     0.760    35.310
A-T      0.070    -0.190     0.070     1.800   -15.000     1.500    -0.050    -0.210     3.270    -1.840     0.760    35.310
T-A     -0.070    -0.190     0.070    -1.800   -15.000     1.500     0.000    -0.560     3.390     0.000    -1.390    31.210
T-A     -0.070    -0.190     0.070    -1.800   -15.000     1.500     0.050    -0.210     3.270     1.840     0.910    35.310
T-A     -0.070    -0.190     0.070    -1.800   -15.000     1.500     0.050    -0.210     3.270     1.840     0.910    35.310
G-C     -0.160    -0.170     0.150     4.900    -8.700    -0.600     0.160     0.180     3.380     0.050     5.950    35.020
T-A     -0.070    -0.190     0.070    -1.800   -15.000     1.500    -0.210    -0.540     3.390     0.640     0.910    31.520
T-A     -0.070    -0.190     0.070    -1.800   -15.000     1.500     0.050    -0.210     3.270     1.840     0.910    35.310
T-A     -0.070    -0.190     0.070    -1.800   -15.000     1.500     0.050    -0.210     3.270     1.840     0.910    35.310
G-C     -0.160    -0.170     0.150     4.900    -8.700    -0.600     0.160     0.180     3.380     0.050     5.950    35.020
A-T      0.070    -0.190     0.070     1.800   -15.000     1.500    -0.270    -0.030     3.350    -1.520     3.870    34.800
A-T      0.070    -0.190     0.070     1.800   -15.000     1.500    -0.050    -0.210     3.270    -1.840     0.760    35.310
T-A     -0.070    -0.190     0.070    -1.800   -15.000     1.500     0.000    -0.560     3.390     0.000    -1.390    31.210
T-A     -0.070    -0.190     0.070    -1.800   -15.000     1.500     0.050    -0.210     3.270     1.840     0.910    35.310
T-A     -0.070    -0.190     0.070    -1.800   -15.000     1.500     0.050    -0.210     3.270     1.840     0.910    35.310
T-A     -0.070    -0.190     0.070    -1.800   -15.000     1.500     0.050    -0.210     3.270     1.840     0.910    35.310
G-C     -0.160    -0.170     0.150     4.900    -8.700    -0.600     0.160     0.180     3.380     0.050     5.950    35.020
A-T      0.070    -0.190     0.070     1.800   -15.000     1.500    -0.270    -0.030     3.350    -1.520     3.870    34.800
G-C     -0.160    -0.170     0.150     4.900    -8.700    -0.600     0.120    -0.270     3.380    -1.480     3.150    33.050
C-G      0.160    -0.170     0.150    -4.900    -8.700    -0.600     0.000    -0.070     3.380     0.000     0.670    34.380
A-T      0.070    -0.190     0.070     1.800   -15.000     1.500    -0.160     0.180     3.380    -0.050     5.950    35.020
A-T      0.070    -0.190     0.070     1.800   -15.000     1.500    -0.050    -0.210     3.270    -1.840     0.760    35.310
A-T      0.070    -0.190     0.070     1.800   -15.000     1.500    -0.050    -0.210     3.270    -1.840     0.760    35.310
T-A     -0.070    -0.190     0.070    -1.800   -15.000     1.500     0.000    -0.560     3.390     0.000    -1.390    31.210
T-A     -0.070    -0.190     0.070    -1.800   -15.000     1.500     0.050    -0.210     3.270     1.840     0.910    35.310
T-A     -0.070    -0.190     0.070    -1.800   -15.000     1.500     0.050    -0.210     3.270     1.840     0.910    35.310
