Angles

1	3	2	1	3
2	1	1	3	4
3	7	3	4	5
4	2	3	4	6
5	3	5	4	6
6	1	4	6	7
7	7	6	7	8
8	2	6	7	9
9	3	8	7	9
10	1	7	9	10
11	8	9	10	11
12	2	9	10	12
13	4	11	10	12
14	1	10	12	13
15	8	12	13	14
16	2	12	13	15
17	4	14	13	15
18	1	13	15	16
19	8	15	16	17
20	2	15	16	18
21	4	17	16	18
22	1	16	18	19
23	9	18	19	20
24	2	18	19	21
25	5	20	19	21
26	1	19	21	22
27	8	21	22	23
28	2	21	22	24
29	4	23	22	24
30	1	22	24	25
31	8	24	25	26
32	2	24	25	27
33	4	26	25	27
34	1	25	27	28
35	8	27	28	29
36	2	27	28	30
37	4	29	28	30
38	1	28	30	31
39	9	30	31	32
40	2	30	31	33
41	5	32	31	33
42	1	31	33	34
43	7	33	34	35
44	2	33	34	36
45	3	35	34	36
46	1	34	36	37
47	7	36	37	38
48	2	36	37	39
49	3	38	37	39
50	1	37	39	40
51	8	39	40	41
52	2	39	40	42
53	4	41	40	42
54	1	40	42	43
55	8	42	43	44
56	2	42	43	45
57	4	44	43	45
58	1	43	45	46
59	8	45	46	47
60	2	45	46	48
61	4	47	46	48
62	1	46	48	49
63	8	48	49	50
64	2	48	49	51
65	4	50	49	51
66	1	49	51	52
67	9	51	52	53
68	2	51	52	54
69	5	53	52	54
70	1	52	54	55
71	7	54	55	56
72	2	54	55	57
73	3	56	55	57
74	1	55	57	58
75	9	57	58	59
76	2	57	58	60
77	5	59	58	60
78	1	58	60	61
79	10	60	61	62
80	2	60	61	63
81	6	62	61	63
82	1	61	63	64
83	7	63	64	65
84	2	63	64	66
85	3	65	64	66
86	1	64	66	67
87	7	66	67	68
88	2	66	67	69
89	3	68	67	69
90	1	67	69	70
91	7	69	70	71
92	2	69	70	72
93	3	71	70	72
94	1	70	72	73
95	8	72	73	74
96	2	72	73	75
97	4	74	73	75
98	1	73	75	76
99	8	75	76	77
100	2	75	76	78
101	4	77	76	78
102	1	76	78	79
103	8	78	79	80
104	2	78	79	81
105	4	80	79	81
106	1	79	81	82
107	7	81	82	83
108	2	81	82	84
109	3	83	82	84
110	1	82	84	85
111	7	84	85	86
112	2	84	85	87
113	3	86	85	87
114	1	85	87	88
115	7	87	88	89
116	2	87	88	90
117	3	89	88	90
118	1	88	90	91
119	8	90	91	92
120	2	90	91	93
121	4	92	91	93
122	1	91	93	94
123	8	93	94	95
124	2	93	94	96
125	4	95	94	96
126	1	94	96	97
127	8	96	97	98
128	2	96	97	99
129	4	98	97	99
130	1	97	99	100
131	9	99	100	101
132	2	99	100	102
133	5	101	100	102
134	1	100	102	103
135	8	102	103	104
136	2	102	103	105
137	4	104	103	105
138	1	103	105	106
139	8	105	106	107
140	2	105	106	108
141	4	107	106	108
142	1	106	108	109
143	8	108	109	110
144	2	108	109	111
145	4	110	109	111
146	1	109	111	112
147	9	111	112	113
148	2	111	112	114
149	5	113	112	114
150	1	112	114	115
151	7	114	115	116
152	2	114	115	117
153	3	116	115	117
154	1	115	117	118
155	7	117	118	119
156	2	117	118	120
157	3	119	118	120
158	1	118	120	121
159	8	120	121	122
160	2	120	121	123
161	4	122	121	123
162	1	121	123	124
163	8	123	124	125
164	2	123	124	126
165	4	125	124	126
166	1	124	126	127
167	8	126	127	128
168	2	126	127	129
169	4	128	127	129
170	1	127	129	130
171	8	129	130	131
172	2	129	130	132
173	4	131	130	132
174	1	130	132	133
175	9	132	133	134
176	2	132	133	135
177	5	134	133	135
178	1	133	135	136
179	7	135	136	137
180	2	135	136	138
181	3	137	136	138
182	1	136	138	139
183	9	138	139	140
184	2	138	139	141
185	5	140	139	141
186	1	139	141	142
187	10	141	142	143
188	2	141	142	144
189	6	143	142	144
190	1	142	144	145
191	7	144	145	146
192	2	144	145	147
193	3	146	145	147
194	1	145	147	148
195	7	147	148	149
196	2	147	148	150
197	3	149	148	150
198	1	148	150	151
199	7	150	151	152
200	2	150	151	153
201	3	152	151	153
202	1	151	153	154
203	8	153	154	155
204	2	153	154	156
205	4	155	154	156
206	1	154	156	157
207	8	156	157	158
208	2	156	157	159
209	4	158	157	159
210	1	157	159	160
211	8	159	160	161
212	11	1	2	5
213	11	4	5	8
214	12	7	8	11
215	16	10	11	14
216	16	13	14	17
217	17	16	17	20
218	20	19	20	23
219	16	22	23	26
220	16	25	26	29
221	17	28	29	32
222	19	31	32	35
223	11	34	35	38
224	12	37	38	41
225	16	40	41	44
226	16	43	44	47
227	16	46	47	50
228	17	49	50	53
229	19	52	53	56
230	13	55	56	59
231	22	58	59	62
232	23	61	62	65
233	11	64	65	68
234	11	67	68	71
235	12	70	71	74
236	16	73	74	77
237	16	76	77	80
238	15	79	80	83
239	11	82	83	86
240	11	85	86	89
241	12	88	89	92
242	16	91	92	95
243	16	94	95	98
244	17	97	98	101
245	20	100	101	104
246	16	103	104	107
247	16	106	107	110
248	17	109	110	113
249	19	112	113	116
250	11	115	116	119
251	12	118	119	122
252	16	121	122	125
253	16	124	125	128
254	16	127	128	131
255	17	130	131	134
256	19	133	134	137
257	13	136	137	140
258	22	139	140	143
259	23	142	143	146
260	11	145	146	149
261	11	148	149	152
262	12	151	152	155
263	16	154	155	158
264	16	157	158	161
265	3	163	162	164
266	1	162	164	165
267	7	164	165	166
268	2	164	165	167
269	3	166	165	167
270	1	165	167	168
271	7	167	168	169
272	2	167	168	170
273	3	169	168	170
274	1	168	170	171
275	8	170	171	172
276	2	170	171	173
277	4	172	171	173
278	1	171	173	174
279	8	173	174	175
280	2	173	174	176
281	4	175	174	176
282	1	174	176	177
283	8	176	177	178
284	2	176	177	179
285	4	178	177	179
286	1	177	179	180
287	9	179	180	181
288	2	179	180	182
289	5	181	180	182
290	1	180	182	183
291	10	182	183	184
292	2	182	183	185
293	6	184	183	185
294	1	183	185	186
295	8	185	186	187
296	2	185	186	188
297	4	187	186	188
298	1	186	188	189
299	10	188	189	190
300	2	188	189	191
301	6	190	189	191
302	1	189	191	192
303	7	191	192	193
304	2	191	192	194
305	3	193	192	194
306	1	192	194	195
307	7	194	195	196
308	2	194	195	197
309	3	196	195	197
310	1	195	197	198
311	7	197	198	199
312	2	197	198	200
313	3	199	198	200
314	1	198	200	201
315	7	200	201	202
316	2	200	201	203
317	3	202	201	203
318	1	201	203	204
319	8	203	204	205
320	2	203	204	206
321	4	205	204	206
322	1	204	206	207
323	8	206	207	208
324	2	206	207	209
325	4	208	207	209
326	1	207	209	210
327	10	209	210	211
328	2	209	210	212
329	6	211	210	212
330	1	210	212	213
331	7	212	213	214
332	2	212	213	215
333	3	214	213	215
334	1	213	215	216
335	7	215	216	217
336	2	215	216	218
337	3	217	216	218
338	1	216	218	219
339	7	218	219	220
340	2	218	219	221
341	3	220	219	221
342	1	219	221	222
343	10	221	222	223
344	2	221	222	224
345	6	223	222	224
346	1	222	224	225
347	7	224	225	226
348	2	224	225	227
349	3	226	225	227
350	1	225	227	228
351	7	227	228	229
352	2	227	228	230
353	3	229	228	230
354	1	228	230	231
355	7	230	231	232
356	2	230	231	233
357	3	232	231	233
358	1	231	233	234
359	8	233	234	235
360	2	233	234	236
361	4	235	234	236
362	1	234	236	237
363	8	236	237	238
364	2	236	237	239
365	4	238	237	239
366	1	237	239	240
367	8	239	240	241
368	2	239	240	242
369	4	241	240	242
370	1	240	242	243
371	7	242	243	244
372	2	242	243	245
373	3	244	243	245
374	1	243	245	246
375	7	245	246	247
376	2	245	246	248
377	3	247	246	248
378	1	246	248	249
379	7	248	249	250
380	2	248	249	251
381	3	250	249	251
382	1	249	251	252
383	8	251	252	253
384	2	251	252	254
385	4	253	252	254
386	1	252	254	255
387	8	254	255	256
388	2	254	255	257
389	4	256	255	257
390	1	255	257	258
391	8	257	258	259
392	2	257	258	260
393	4	259	258	260
394	1	258	260	261
395	9	260	261	262
396	2	260	261	263
397	5	262	261	263
398	1	261	263	264
399	10	263	264	265
400	2	263	264	266
401	6	265	264	266
402	1	264	266	267
403	8	266	267	268
404	2	266	267	269
405	4	268	267	269
406	1	267	269	270
407	10	269	270	271
408	2	269	270	272
409	6	271	270	272
410	1	270	272	273
411	7	272	273	274
412	2	272	273	275
413	3	274	273	275
414	1	273	275	276
415	7	275	276	277
416	2	275	276	278
417	3	277	276	278
418	1	276	278	279
419	7	278	279	280
420	2	278	279	281
421	3	280	279	281
422	1	279	281	282
423	7	281	282	283
424	2	281	282	284
425	3	283	282	284
426	1	282	284	285
427	8	284	285	286
428	2	284	285	287
429	4	286	285	287
430	1	285	287	288
431	8	287	288	289
432	2	287	288	290
433	4	289	288	290
434	1	288	290	291
435	10	290	291	292
436	2	290	291	293
437	6	292	291	293
438	1	291	293	294
439	7	293	294	295
440	2	293	294	296
441	3	295	294	296
442	1	294	296	297
443	7	296	297	298
444	2	296	297	299
445	3	298	297	299
446	1	297	299	300
447	7	299	300	301
448	2	299	300	302
449	3	301	300	302
450	1	300	302	303
451	10	302	303	304
452	2	302	303	305
453	6	304	303	305
454	1	303	305	306
455	7	305	306	307
456	2	305	306	308
457	3	307	306	308
458	1	306	308	309
459	7	308	309	310
460	2	308	309	311
461	3	310	309	311
462	1	309	311	312
463	7	311	312	313
464	2	311	312	314
465	3	313	312	314
466	1	312	314	315
467	8	314	315	316
468	2	314	315	317
469	4	316	315	317
470	1	315	317	318
471	8	317	318	319
472	2	317	318	320
473	4	319	318	320
474	1	318	320	321
475	8	320	321	322
476	11	162	163	166
477	11	165	166	169
478	12	168	169	172
479	16	171	172	175
480	16	174	175	178
481	17	177	178	181
482	22	180	181	184
483	24	183	184	187
484	18	186	187	190
485	23	189	190	193
486	11	192	193	196
487	11	195	196	199
488	11	198	199	202
489	12	201	202	205
490	16	204	205	208
491	18	207	208	211
492	23	210	211	214
493	11	213	214	217
494	11	216	217	220
495	14	219	220	223
496	23	222	223	226
497	11	225	226	229
498	11	228	229	232
499	12	231	232	235
500	16	234	235	238
501	16	237	238	241
502	15	240	241	244
503	11	243	244	247
504	11	246	247	250
505	12	249	250	253
506	16	252	253	256
507	16	255	256	259
508	17	258	259	262
509	22	261	262	265
510	24	264	265	268
511	18	267	268	271
512	23	270	271	274
513	11	273	274	277
514	11	276	277	280
515	11	279	280	283
516	12	282	283	286
517	16	285	286	289
518	18	288	289	292
519	23	291	292	295
520	11	294	295	298
521	11	297	298	301
522	14	300	301	304
523	23	303	304	307
524	11	306	307	310
525	11	309	310	313
526	12	312	313	316
527	16	315	316	319
528	16	318	319	322
