Dihedrals

1	1	1	3	4	6
2	2	3	4	6	7
3	1	4	6	7	9
4	2	6	7	9	10
5	1	7	9	10	12
6	2	9	10	12	13
7	1	10	12	13	15
8	2	12	13	15	16
9	1	13	15	16	18
10	2	15	16	18	19
11	1	16	18	19	21
12	2	18	19	21	22
13	1	19	21	22	24
14	2	21	22	24	25
15	1	22	24	25	27
16	2	24	25	27	28
17	1	25	27	28	30
18	2	27	28	30	31
19	1	28	30	31	33
20	2	30	31	33	34
21	1	31	33	34	36
22	2	33	34	36	37
23	1	34	36	37	39
24	2	36	37	39	40
25	1	37	39	40	42
26	2	39	40	42	43
27	1	40	42	43	45
28	2	42	43	45	46
29	1	43	45	46	48
30	2	45	46	48	49
31	1	46	48	49	51
32	2	48	49	51	52
33	1	49	51	52	54
34	2	51	52	54	55
35	1	52	54	55	57
36	2	54	55	57	58
37	1	55	57	58	60
38	2	57	58	60	61
39	1	58	60	61	63
40	2	60	61	63	64
41	1	61	63	64	66
42	2	63	64	66	67
43	1	64	66	67	69
44	2	66	67	69	70
45	1	67	69	70	72
46	2	69	70	72	73
47	1	70	72	73	75
48	2	72	73	75	76
49	1	73	75	76	78
50	2	75	76	78	79
51	1	76	78	79	81
52	2	78	79	81	82
53	1	79	81	82	84
54	2	81	82	84	85
55	1	82	84	85	87
56	2	84	85	87	88
57	1	85	87	88	90
58	2	87	88	90	91
59	1	88	90	91	93
60	2	90	91	93	94
61	1	91	93	94	96
62	2	93	94	96	97
63	1	94	96	97	99
64	2	96	97	99	100
65	1	97	99	100	102
66	2	99	100	102	103
67	1	100	102	103	105
68	2	102	103	105	106
69	1	103	105	106	108
70	2	105	106	108	109
71	1	106	108	109	111
72	2	108	109	111	112
73	1	109	111	112	114
74	2	111	112	114	115
75	1	112	114	115	117
76	2	114	115	117	118
77	1	115	117	118	120
78	2	117	118	120	121
79	1	118	120	121	123
80	2	120	121	123	124
81	1	121	123	124	126
82	2	123	124	126	127
83	1	124	126	127	129
84	2	126	127	129	130
85	1	127	129	130	132
86	2	129	130	132	133
87	1	130	132	133	135
88	2	132	133	135	136
89	1	133	135	136	138
90	2	135	136	138	139
91	1	136	138	139	141
92	2	138	139	141	142
93	1	139	141	142	144
94	2	141	142	144	145
95	1	142	144	145	147
96	2	144	145	147	148
97	1	145	147	148	150
98	2	147	148	150	151
99	1	148	150	151	153
100	2	150	151	153	154
101	1	151	153	154	156
102	2	153	154	156	157
103	1	154	156	157	159
104	2	156	157	159	160
105	1	162	164	165	167
106	2	164	165	167	168
107	1	165	167	168	170
108	2	167	168	170	171
109	1	168	170	171	173
110	2	170	171	173	174
111	1	171	173	174	176
112	2	173	174	176	177
113	1	174	176	177	179
114	2	176	177	179	180
115	1	177	179	180	182
116	2	179	180	182	183
117	1	180	182	183	185
118	2	182	183	185	186
119	1	183	185	186	188
120	2	185	186	188	189
121	1	186	188	189	191
122	2	188	189	191	192
123	1	189	191	192	194
124	2	191	192	194	195
125	1	192	194	195	197
126	2	194	195	197	198
127	1	195	197	198	200
128	2	197	198	200	201
129	1	198	200	201	203
130	2	200	201	203	204
131	1	201	203	204	206
132	2	203	204	206	207
133	1	204	206	207	209
134	2	206	207	209	210
135	1	207	209	210	212
136	2	209	210	212	213
137	1	210	212	213	215
138	2	212	213	215	216
139	1	213	215	216	218
140	2	215	216	218	219
141	1	216	218	219	221
142	2	218	219	221	222
143	1	219	221	222	224
144	2	221	222	224	225
145	1	222	224	225	227
146	2	224	225	227	228
147	1	225	227	228	230
148	2	227	228	230	231
149	1	228	230	231	233
150	2	230	231	233	234
151	1	231	233	234	236
152	2	233	234	236	237
153	1	234	236	237	239
154	2	236	237	239	240
155	1	237	239	240	242
156	2	239	240	242	243
157	1	240	242	243	245
158	2	242	243	245	246
159	1	243	245	246	248
160	2	245	246	248	249
161	1	246	248	249	251
162	2	248	249	251	252
163	1	249	251	252	254
164	2	251	252	254	255
165	1	252	254	255	257
166	2	254	255	257	258
167	1	255	257	258	260
168	2	257	258	260	261
169	1	258	260	261	263
170	2	260	261	263	264
171	1	261	263	264	266
172	2	263	264	266	267
173	1	264	266	267	269
174	2	266	267	269	270
175	1	267	269	270	272
176	2	269	270	272	273
177	1	270	272	273	275
178	2	272	273	275	276
179	1	273	275	276	278
180	2	275	276	278	279
181	1	276	278	279	281
182	2	278	279	281	282
183	1	279	281	282	284
184	2	281	282	284	285
185	1	282	284	285	287
186	2	284	285	287	288
187	1	285	287	288	290
188	2	287	288	290	291
189	1	288	290	291	293
190	2	290	291	293	294
191	1	291	293	294	296
192	2	293	294	296	297
193	1	294	296	297	299
194	2	296	297	299	300
195	1	297	299	300	302
196	2	299	300	302	303
197	1	300	302	303	305
198	2	302	303	305	306
199	1	303	305	306	308
200	2	305	306	308	309
201	1	306	308	309	311
202	2	308	309	311	312
203	1	309	311	312	314
204	2	311	312	314	315
205	1	312	314	315	317
206	2	314	315	317	318
207	1	315	317	318	320
208	2	317	318	320	321
