Bonds

1	3	1	2
2	2	1	3
3	1	3	4
4	3	4	5
5	2	4	6
6	1	6	7
7	3	7	8
8	2	7	9
9	1	9	10
10	4	10	11
11	2	10	12
12	1	12	13
13	4	13	14
14	2	13	15
15	1	15	16
16	4	16	17
17	2	16	18
18	1	18	19
19	5	19	20
20	2	19	21
21	1	21	22
22	4	22	23
23	2	22	24
24	1	24	25
25	4	25	26
26	2	25	27
27	1	27	28
28	4	28	29
29	2	28	30
30	1	30	31
31	5	31	32
32	2	31	33
33	1	33	34
34	3	34	35
35	2	34	36
36	1	36	37
37	3	37	38
38	2	37	39
39	1	39	40
40	4	40	41
41	2	40	42
42	1	42	43
43	4	43	44
44	2	43	45
45	1	45	46
46	4	46	47
47	2	46	48
48	1	48	49
49	4	49	50
50	2	49	51
51	1	51	52
52	5	52	53
53	2	52	54
54	1	54	55
55	3	55	56
56	2	55	57
57	1	57	58
58	5	58	59
59	2	58	60
60	1	60	61
61	6	61	62
62	2	61	63
63	1	63	64
64	3	64	65
65	2	64	66
66	1	66	67
67	3	67	68
68	2	67	69
69	1	69	70
70	3	70	71
71	2	70	72
72	1	72	73
73	4	73	74
74	2	73	75
75	1	75	76
76	4	76	77
77	2	76	78
78	1	78	79
79	4	79	80
80	2	79	81
81	1	81	82
82	3	82	83
83	2	82	84
84	1	84	85
85	3	85	86
86	2	85	87
87	1	87	88
88	3	88	89
89	2	88	90
90	1	90	91
91	4	91	92
92	2	91	93
93	1	93	94
94	4	94	95
95	2	94	96
96	1	96	97
97	4	97	98
98	2	97	99
99	1	99	100
100	5	100	101
101	2	100	102
102	1	102	103
103	4	103	104
104	2	103	105
105	1	105	106
106	4	106	107
107	2	106	108
108	1	108	109
109	4	109	110
110	2	109	111
111	1	111	112
112	5	112	113
113	2	112	114
114	1	114	115
115	3	115	116
116	2	115	117
117	1	117	118
118	3	118	119
119	2	118	120
120	1	120	121
121	4	121	122
122	2	121	123
123	1	123	124
124	4	124	125
125	2	124	126
126	1	126	127
127	4	127	128
128	2	127	129
129	1	129	130
130	4	130	131
131	2	130	132
132	1	132	133
133	5	133	134
134	2	133	135
135	1	135	136
136	3	136	137
137	2	136	138
138	1	138	139
139	5	139	140
140	2	139	141
141	1	141	142
142	6	142	143
143	2	142	144
144	1	144	145
145	3	145	146
146	2	145	147
147	1	147	148
148	3	148	149
149	2	148	150
150	1	150	151
151	3	151	152
152	2	151	153
153	1	153	154
154	4	154	155
155	2	154	156
156	1	156	157
157	4	157	158
158	2	157	159
159	1	159	160
160	4	160	161
161	3	162	163
162	2	162	164
163	1	164	165
164	3	165	166
165	2	165	167
166	1	167	168
167	3	168	169
168	2	168	170
169	1	170	171
170	4	171	172
171	2	171	173
172	1	173	174
173	4	174	175
174	2	174	176
175	1	176	177
176	4	177	178
177	2	177	179
178	1	179	180
179	5	180	181
180	2	180	182
181	1	182	183
182	6	183	184
183	2	183	185
184	1	185	186
185	4	186	187
186	2	186	188
187	1	188	189
188	6	189	190
189	2	189	191
190	1	191	192
191	3	192	193
192	2	192	194
193	1	194	195
194	3	195	196
195	2	195	197
196	1	197	198
197	3	198	199
198	2	198	200
199	1	200	201
200	3	201	202
201	2	201	203
202	1	203	204
203	4	204	205
204	2	204	206
205	1	206	207
206	4	207	208
207	2	207	209
208	1	209	210
209	6	210	211
210	2	210	212
211	1	212	213
212	3	213	214
213	2	213	215
214	1	215	216
215	3	216	217
216	2	216	218
217	1	218	219
218	3	219	220
219	2	219	221
220	1	221	222
221	6	222	223
222	2	222	224
223	1	224	225
224	3	225	226
225	2	225	227
226	1	227	228
227	3	228	229
228	2	228	230
229	1	230	231
230	3	231	232
231	2	231	233
232	1	233	234
233	4	234	235
234	2	234	236
235	1	236	237
236	4	237	238
237	2	237	239
238	1	239	240
239	4	240	241
240	2	240	242
241	1	242	243
242	3	243	244
243	2	243	245
244	1	245	246
245	3	246	247
246	2	246	248
247	1	248	249
248	3	249	250
249	2	249	251
250	1	251	252
251	4	252	253
252	2	252	254
253	1	254	255
254	4	255	256
255	2	255	257
256	1	257	258
257	4	258	259
258	2	258	260
259	1	260	261
260	5	261	262
261	2	261	263
262	1	263	264
263	6	264	265
264	2	264	266
265	1	266	267
266	4	267	268
267	2	267	269
268	1	269	270
269	6	270	271
270	2	270	272
271	1	272	273
272	3	273	274
273	2	273	275
274	1	275	276
275	3	276	277
276	2	276	278
277	1	278	279
278	3	279	280
279	2	279	281
280	1	281	282
281	3	282	283
282	2	282	284
283	1	284	285
284	4	285	286
285	2	285	287
286	1	287	288
287	4	288	289
288	2	288	290
289	1	290	291
290	6	291	292
291	2	291	293
292	1	293	294
293	3	294	295
294	2	294	296
295	1	296	297
296	3	297	298
297	2	297	299
298	1	299	300
299	3	300	301
300	2	300	302
301	1	302	303
302	6	303	304
303	2	303	305
304	1	305	306
305	3	306	307
306	2	306	308
307	1	308	309
308	3	309	310
309	2	309	311
310	1	311	312
311	3	312	313
312	2	312	314
313	1	314	315
314	4	315	316
315	2	315	317
316	1	317	318
317	4	318	319
318	2	318	320
319	1	320	321
320	4	321	322
