Atoms

	1	1	2	0.000000	-2.789750	6.611468	-0.768648
	2	1	7	0.000000	-0.440158	2.425299	0.012213
	3	1	1	-0.600000	-5.581382	7.212560	1.561305
	4	1	2	0.000000	-6.079404	3.595565	2.391771
	5	1	3	0.000000	-1.740121	1.565361	3.230875
	6	1	1	-0.600000	-8.698337	2.554029	4.766843
	7	1	2	0.000000	-7.011641	-0.655160	5.703929
	8	1	3	0.000000	-2.294689	0.224958	6.499598
	9	1	1	-0.600000	-8.356968	-2.421448	8.128022
	10	1	2	0.000000	-5.209984	-4.202670	9.037980
	11	1	4	0.000000	-2.654874	-0.752482	9.899275
	12	1	1	-0.600000	-5.273273	-6.829702	11.879496
	13	1	2	0.000000	-1.620268	-6.518254	12.708622
	14	1	4	0.000000	-1.490326	-2.190993	13.365241
	15	1	1	-0.600000	-0.041774	-8.568972	15.587452
	16	1	2	0.000000	2.792992	-6.175148	16.191732
	17	1	4	0.000000	0.429919	-2.535519	16.776011
	18	1	1	-0.600000	5.260609	-7.229053	19.667896
	19	1	2	0.000000	6.181681	-3.705671	20.409380
	20	1	5	0.000000	2.225281	-0.696349	20.252253
	21	1	1	-0.600000	8.285982	-2.775180	22.754024
	22	1	2	0.000000	7.152361	0.797252	23.053947
	23	1	4	0.000000	2.863853	0.080321	23.571493
	24	1	1	-0.600000	8.690337	3.039727	25.808524
	25	1	2	0.000000	5.738339	5.354826	26.045994
	26	1	4	0.000000	2.637735	2.349165	26.771355
	27	1	1	-0.600000	5.687830	8.275099	28.585470
	28	1	2	0.000000	1.939631	8.487947	28.780825
	29	1	4	0.000000	1.125344	4.313059	29.820137
	30	1	1	-0.600000	0.504204	11.346044	31.789673
	31	1	2	0.000000	-2.633819	9.469368	32.453148
	32	1	5	0.000000	-1.786202	4.599725	33.002911
	33	1	1	-0.600000	-5.467248	10.798592	34.493400
	34	1	2	0.000000	-6.960433	7.443544	35.198768
	35	1	3	0.000000	-3.331579	4.344983	36.139551
	36	1	1	-0.600000	-9.842564	7.099398	37.470158
	37	1	2	0.000000	-9.083378	3.552830	38.402976
	38	1	3	0.000000	-4.331413	3.165689	39.364089
	39	1	1	-0.600000	-10.927116	2.176785	40.750821
	40	1	2	0.000000	-8.386481	-0.371525	41.728080
	41	1	4	0.000000	-5.053870	2.285311	42.732717
	42	1	1	-0.600000	-9.232098	-2.916896	44.518675
	43	1	2	0.000000	-5.655521	-3.575920	45.469406
	44	1	4	0.000000	-4.427473	0.561790	46.207463
	45	1	1	-0.600000	-4.768279	-5.993062	48.359316
	46	1	2	0.000000	-1.431422	-4.426893	49.096994
	47	1	4	0.000000	-2.785274	-0.302293	49.671117
	48	1	1	-0.600000	0.799520	-5.738637	51.974768
	49	1	2	0.000000	2.649306	-2.503489	52.468944
	50	1	4	0.000000	-0.810365	0.118646	53.041754
	51	1	1	-0.600000	5.382911	-2.559102	55.905190
	52	1	2	0.000000	5.049762	1.083743	56.560116
	53	1	5	0.000000	0.298626	2.549408	56.440635
	54	1	1	-0.600000	7.205683	2.978572	58.950998
	55	1	2	0.000000	4.822458	5.833415	59.344422
	56	1	3	0.000000	0.321240	4.012524	59.626508
	57	1	1	-0.600000	5.640843	8.138736	62.299269
	58	1	2	0.000000	2.112044	9.144529	62.939689
	59	1	5	0.000000	-1.011687	5.274950	63.012067
	60	1	1	-0.600000	1.539042	11.627138	64.967488
	61	1	2	0.000000	-1.955504	10.564475	65.557200
	62	1	6	0.000000	-1.592234	6.330261	66.210128
	63	1	1	-0.600000	-4.359678	12.625039	68.591558
	64	1	2	0.000000	-6.631655	9.711659	69.252576
	65	1	3	0.000000	-3.849052	5.741220	69.637462
	66	1	1	-0.600000	-9.392496	9.840413	71.691093
	67	1	2	0.000000	-9.497145	6.137749	72.240202
	68	1	3	0.000000	-4.950506	4.506096	72.807307
	69	1	1	-0.600000	-11.919104	4.651925	74.587430
	70	1	2	0.000000	-9.889109	1.570601	75.221933
	71	1	3	0.000000	-5.261041	2.866310	75.970075
	72	1	1	-0.600000	-10.970300	-0.507036	77.528702
	73	1	2	0.000000	-7.632233	-2.020536	78.215345
	74	1	4	0.000000	-5.410565	1.596769	79.288307
	75	1	1	-0.600000	-7.338767	-4.852306	80.837420
	76	1	2	0.000000	-3.710459	-4.232323	81.599242
	77	1	4	0.000000	-3.995014	0.021624	82.598008
	78	1	1	-0.600000	-1.841322	-6.326397	84.264094
	79	1	2	0.000000	0.756591	-3.708102	84.989771
	80	1	4	0.000000	-1.940053	-0.386741	85.922112
	81	1	1	-0.600000	3.625134	-4.457007	87.952461
	82	1	2	0.000000	4.152710	-0.842719	88.807203
	83	1	3	0.000000	-0.200079	1.268193	89.310646
	84	1	1	-0.600000	6.639402	0.254276	91.296810
	85	1	2	0.000000	4.944896	3.515269	92.015202
	86	1	3	0.000000	0.177212	2.720887	92.556630
	87	1	1	-0.600000	6.355335	5.865304	94.479473
	88	1	2	0.000000	3.090969	7.548939	95.208622
	89	1	3	0.000000	-0.333430	4.145809	95.796738
	90	1	1	-0.600000	3.041752	9.772081	97.630115
	91	1	2	0.000000	-0.610312	9.450787	98.311984
	92	1	4	0.000000	-0.806191	5.161508	99.171394
	93	1	1	-0.600000	-2.226857	11.654233	101.052588
	94	1	2	0.000000	-5.103046	9.323156	101.706619
	95	1	4	0.000000	-2.797001	5.690302	102.517570
	96	1	1	-0.600000	-7.743179	10.119504	104.422398
	97	1	2	0.000000	-8.752025	6.540044	104.971882
	98	1	4	0.000000	-4.784234	4.889437	105.811078
	99	1	1	-0.600000	-11.595393	6.011500	108.276244
	100	1	2	0.000000	-10.400462	2.590702	109.101792
	101	1	5	0.000000	-5.434790	2.362658	109.258284
	102	1	1	-0.600000	-11.748818	0.633938	111.369845
	103	1	2	0.000000	-8.810771	-1.660550	111.860465
	104	1	4	0.000000	-5.728104	1.367759	112.567591
	105	1	1	-0.600000	-8.975711	-4.374239	114.615556
	106	1	2	0.000000	-5.253643	-4.600936	115.089148
	107	1	4	0.000000	-4.457065	-0.364318	115.857619
	108	1	1	-0.600000	-3.715800	-6.970037	117.736018
	109	1	2	0.000000	-0.529489	-5.014475	118.128302
	110	1	4	0.000000	-2.293676	-1.114525	119.050473
	111	1	1	-0.600000	2.080838	-6.544210	121.311537
	112	1	2	0.000000	3.551736	-3.215270	122.062261
	113	1	5	0.000000	0.059324	0.310848	122.385441
	114	1	1	-0.600000	6.503648	-2.694571	124.291389
	115	1	2	0.000000	5.783000	0.915965	124.945831
	116	1	3	0.000000	0.986444	1.405080	125.584491
	117	1	1	-0.600000	7.811382	2.842064	127.345968
	118	1	2	0.000000	5.118309	5.330220	128.105723
	119	1	3	0.000000	0.935607	2.950019	128.809383
	120	1	1	-0.600000	5.704184	7.515139	130.490441
	121	1	2	0.000000	2.110677	8.169558	131.241823
	122	1	4	0.000000	0.817540	4.091807	132.174820
	123	1	1	-0.600000	1.185828	10.750313	133.974273
	124	1	2	0.000000	-2.184948	9.261954	134.716933
	125	1	4	0.000000	-0.893791	5.160992	135.546496
	126	1	1	-0.600000	-4.465982	10.752056	137.465588
	127	1	2	0.000000	-6.364729	7.568866	138.091356
	128	1	4	0.000000	-2.950317	4.945639	138.887539
	129	1	1	-0.600000	-9.122447	7.385761	140.801219
	130	1	2	0.000000	-8.837946	3.673782	141.322040
	131	1	4	0.000000	-4.545779	3.483606	142.166881
	132	1	1	-0.600000	-11.331054	2.172873	144.610401
	133	1	2	0.000000	-9.032986	-0.634035	145.417897
	134	1	5	0.000000	-4.292646	0.860230	145.594105
	135	1	1	-0.600000	-9.879750	-3.413363	147.765378
	136	1	2	0.000000	-6.328153	-4.407014	148.385890
	137	1	3	0.000000	-3.682395	-0.349843	148.827138
	138	1	1	-0.600000	-5.879500	-6.763045	151.379692
	139	1	2	0.000000	-2.451345	-5.583564	152.235214
	140	1	5	0.000000	-2.084786	-0.624626	152.320836
	141	1	1	-0.600000	-0.700515	-7.296812	154.380901
	142	1	2	0.000000	1.529483	-4.435249	155.107257
	143	1	6	0.000000	-1.211227	-1.156297	155.581490
	144	1	1	-0.600000	4.481404	-4.757946	158.334368
	145	1	2	0.000000	4.653233	-1.068329	159.000479
	146	1	3	0.000000	0.092229	0.617826	159.094387
	147	1	1	-0.600000	6.839875	0.399570	161.578925
	148	1	2	0.000000	4.791567	3.506766	161.993159
	149	1	3	0.000000	0.096657	2.266890	162.267601
	150	1	1	-0.600000	5.790493	6.110870	164.403061
	151	1	2	0.000000	2.335370	7.493486	164.817887
	152	1	3	0.000000	-0.777432	3.798687	165.378476
	153	1	1	-0.600000	1.900003	9.822088	167.097122
	154	1	2	0.000000	-1.742916	9.172062	167.556136
	155	1	4	0.000000	-1.583687	4.934839	168.649842
	156	1	1	-0.600000	-3.754896	11.340207	170.051861
	157	1	2	0.000000	-6.431124	8.769632	170.651711
	158	1	4	0.000000	-3.848062	5.433222	171.822168
	159	1	1	-0.600000	-9.321827	9.435668	173.138377
	160	1	2	0.000000	-10.016254	5.806617	173.828394
	161	1	12	0.000000	-5.976685	4.607922	175.020310
	162	2	2	0.000000	-2.880647	-5.292737	175.671802
	163	2	7	0.000000	-3.148466	-0.477798	175.039970
	164	2	1	-0.600000	-4.726602	-7.234182	173.134157
	165	2	2	0.000000	-7.057795	-4.444095	172.237167
	166	2	3	0.000000	-4.482189	-0.350790	171.723246
	167	2	1	-0.600000	-9.645931	-4.911886	169.649157
	168	2	2	0.000000	-9.920289	-1.271189	168.815584
	169	2	3	0.000000	-5.443783	0.586810	168.407753
	170	2	1	-0.600000	-11.831427	-0.438213	166.274125
	171	2	2	0.000000	-10.108789	2.799319	165.599692
	172	2	4	0.000000	-6.031367	1.328465	164.980185
	173	2	1	-0.600000	-11.389594	5.067015	162.742390
	174	2	2	0.000000	-8.109751	6.824783	162.215741
	175	2	4	0.000000	-5.593007	3.293961	161.606333
	176	2	1	-0.600000	-7.703309	9.511131	159.465118
	177	2	2	0.000000	-3.987032	9.072523	159.117008
	178	2	4	0.000000	-3.929483	4.759739	158.362371
	179	2	1	-0.600000	-2.246372	11.437234	155.851169
	180	2	2	0.000000	0.499785	9.016402	155.213366
	181	2	5	0.000000	-1.171265	4.334341	155.060869
	182	2	1	-0.600000	2.995911	9.826642	153.285387
	183	2	2	0.000000	3.932235	6.291997	152.721753
	184	2	6	0.000000	0.157751	4.398061	151.912942
	185	2	1	-0.600000	6.665825	5.264786	149.990455
	186	2	2	0.000000	5.454639	1.730689	149.386542
	187	2	4	0.000000	1.274906	2.679321	148.490144
	188	2	1	-0.600000	7.289367	-0.065885	146.712548
	189	2	2	0.000000	4.363038	-2.176022	145.847064
	190	2	6	0.000000	1.204608	0.665049	145.185465
	191	2	1	-0.600000	4.630251	-5.278443	142.758768
	192	2	2	0.000000	0.950064	-5.337190	142.024843
	193	2	3	0.000000	-0.552612	-0.723260	141.697107
	194	2	1	-0.600000	-0.553254	-7.577462	139.507401
	195	2	2	0.000000	-3.567400	-5.429836	138.934689
	196	2	3	0.000000	-2.136414	-0.802641	138.490816
	197	2	1	-0.600000	-6.156702	-6.429428	136.503412
	198	2	2	0.000000	-7.390328	-2.944687	135.905641
	199	2	3	0.000000	-3.561765	-0.005167	135.308463
	200	2	1	-0.600000	-10.146384	-2.302946	133.537907
	201	2	2	0.000000	-9.155636	1.243241	132.853962
	202	2	3	0.000000	-4.350367	1.416666	132.122094
	203	2	1	-0.600000	-10.812546	2.855519	130.517276
	204	2	2	0.000000	-8.095788	5.308911	129.805285
	205	2	4	0.000000	-4.868679	2.530788	128.785244
	206	2	1	-0.600000	-8.673793	8.056419	127.147727
	207	2	2	0.000000	-5.026455	8.567828	126.397861
	208	2	4	0.000000	-3.989471	4.419695	125.453823
	209	2	1	-0.600000	-4.382355	11.025367	123.697977
	210	2	2	0.000000	-1.202795	9.394478	122.700012
	211	2	6	0.000000	-2.304104	5.284706	122.078684
	212	2	1	-0.600000	1.302657	11.058670	119.508262
	213	2	2	0.000000	3.012192	7.816489	118.700314
	214	2	3	0.000000	-0.408560	4.364339	118.508768
	215	2	1	-0.600000	5.586926	7.511169	116.074885
	216	2	2	0.000000	5.038985	3.848305	115.520420
	217	2	3	0.000000	0.256891	2.997015	115.270953
	218	2	1	-0.600000	7.013849	2.008946	113.004086
	219	2	2	0.000000	4.460933	-0.686002	112.508372
	220	2	3	0.000000	0.071777	1.367752	112.091923
	221	2	1	-0.600000	5.165069	-2.570163	110.257594
	222	2	2	0.000000	1.647477	-3.466542	109.520802
	223	2	6	0.000000	-0.342679	0.284277	108.842330
	224	2	1	-0.600000	0.816951	-6.491972	106.456599
	225	2	2	0.000000	-2.661567	-5.285205	105.729371
	226	2	3	0.000000	-2.485499	-0.438382	105.367723
	227	2	1	-0.600000	-4.855179	-6.887644	103.232233
	228	2	2	0.000000	-6.948451	-3.837922	102.647532
	229	2	3	0.000000	-4.013560	0.010550	102.164724
	230	2	1	-0.600000	-9.733622	-3.901381	100.228738
	231	2	2	0.000000	-9.694833	-0.208588	99.605853
	232	2	3	0.000000	-5.090737	1.228366	98.978601
	233	2	1	-0.600000	-11.674706	0.951673	97.252118
	234	2	2	0.000000	-9.683745	4.041870	96.625651
	235	2	4	0.000000	-5.823726	2.222471	95.644303
	236	2	1	-0.600000	-10.914210	6.585390	93.987748
	237	2	2	0.000000	-7.516118	8.046014	93.321440
	238	2	4	0.000000	-5.411634	4.329827	92.353717
	239	2	1	-0.600000	-7.022631	10.836622	90.691591
	240	2	2	0.000000	-3.399711	10.061903	90.058756
	241	2	4	0.000000	-3.824824	5.815088	89.080314
	242	2	1	-0.600000	-1.323603	12.276646	87.168381
	243	2	2	0.000000	1.110908	9.539672	86.356958
	244	2	3	0.000000	-1.373380	5.402483	85.752986
	245	2	1	-0.600000	3.859045	9.995571	83.937211
	246	2	2	0.000000	4.233140	6.343978	83.194170
	247	2	3	0.000000	-0.182064	4.417237	82.527371
	248	2	1	-0.600000	6.756000	5.164387	80.773695
	249	2	2	0.000000	4.954005	1.981884	79.966382
	250	2	3	0.000000	0.242996	2.976435	79.280971
	251	2	1	-0.600000	6.179272	0.117742	77.552032
	252	2	2	0.000000	2.958872	-1.594888	76.777123
	253	2	4	0.000000	0.477459	1.904393	75.898831
	254	2	1	-0.600000	2.866968	-4.294131	74.010705
	255	2	2	0.000000	-0.798951	-3.900155	73.281644
	256	2	4	0.000000	-0.828278	0.409397	72.507702
	257	2	1	-0.600000	-2.520183	-5.983222	70.516906
	258	2	2	0.000000	-5.305106	-3.527835	69.933747
	259	2	4	0.000000	-2.863011	0.025257	69.168423
	260	2	1	-0.600000	-7.912816	-4.608945	66.569756
	261	2	2	0.000000	-8.759952	-1.083515	65.755205
	262	2	5	0.000000	-4.719187	1.815559	65.698850
	263	2	1	-0.600000	-11.172557	-0.407020	63.675648
	264	2	2	0.000000	-9.904210	3.011510	63.046640
	265	2	6	0.000000	-5.687145	2.399026	62.473688
	266	2	1	-0.600000	-11.426914	5.304604	60.146444
	267	2	2	0.000000	-8.393026	7.502610	59.612742
	268	2	4	0.000000	-5.454410	4.318506	58.983667
	269	2	1	-0.600000	-8.743558	9.921209	56.825243
	270	2	2	0.000000	-5.096910	9.965611	56.141582
	271	2	6	0.000000	-4.083994	5.811864	55.686228
	272	2	1	-0.600000	-3.396905	12.554234	53.036327
	273	2	2	0.000000	-0.303493	10.488144	52.535787
	274	2	3	0.000000	-1.674971	5.827303	52.312599
	275	2	1	-0.600000	2.331691	11.384482	50.113624
	276	2	2	0.000000	3.615857	7.886470	49.736322
	277	2	3	0.000000	-0.166666	4.874136	49.212293
	278	2	1	-0.600000	6.433205	7.149664	47.470624
	279	2	2	0.000000	5.496271	3.560280	46.959543
	280	2	3	0.000000	0.712059	3.290565	46.127649
	281	2	1	-0.600000	7.515128	1.380843	44.770917
	282	2	2	0.000000	4.720680	-1.000816	44.033341
	283	2	3	0.000000	0.713144	1.553672	43.000419
	284	2	1	-0.600000	5.283381	-3.354874	41.808634
	285	2	2	0.000000	1.694622	-3.859466	40.932032
	286	2	4	0.000000	0.674623	0.218358	39.705078
	287	2	1	-0.600000	0.742404	-6.547488	38.321515
	288	2	2	0.000000	-2.505478	-4.928120	37.344341
	289	2	4	0.000000	-0.951985	-0.962307	36.328827
	290	2	1	-0.600000	-4.294444	-6.685886	34.614364
	291	2	2	0.000000	-5.927975	-3.578352	33.414592
	292	2	6	0.000000	-2.656445	-0.844770	32.855627
	293	2	1	-0.600000	-8.769508	-3.646344	30.074746
	294	2	2	0.000000	-8.289868	-0.039687	29.154204
	295	2	3	0.000000	-3.509044	0.853770	29.171628
	296	2	1	-0.600000	-10.097588	1.573624	26.371021
	297	2	2	0.000000	-7.537975	4.255778	25.844990
	298	2	3	0.000000	-3.114131	2.234663	25.895551
	299	2	1	-0.600000	-7.986586	6.794680	23.205254
	300	2	2	0.000000	-4.333553	7.545595	22.865731
	301	2	3	0.000000	-1.875055	3.351258	22.731183
	302	2	1	-0.600000	-3.727051	9.410934	20.571458
	303	2	2	0.000000	-0.291276	8.125892	20.055742
	304	2	6	0.000000	-0.754067	3.885834	19.511806
	305	2	1	-0.600000	2.265255	10.029767	17.043979
	306	2	2	0.000000	4.473558	7.036916	16.540107
	307	2	3	0.000000	1.592345	3.135050	16.177969
	308	2	1	-0.600000	7.312116	7.017929	14.182950
	309	2	2	0.000000	7.327572	3.299425	13.737380
	310	2	3	0.000000	2.754675	1.779388	13.078617
	311	2	1	-0.600000	9.773713	1.681631	11.498771
	312	2	2	0.000000	7.674743	-1.358091	10.882178
	313	2	3	0.000000	3.108902	0.046863	9.969019
	314	2	1	-0.600000	8.760551	-3.523835	8.660509
	315	2	2	0.000000	5.400970	-4.960912	7.916241
	316	2	4	0.000000	3.314651	-1.311674	6.689184
	317	2	1	-0.600000	5.099871	-7.850242	5.365716
	318	2	2	0.000000	1.512616	-7.149802	4.489658
	319	2	4	0.000000	1.945410	-2.935218	3.383737
	320	2	1	-0.600000	-0.345058	-9.264648	1.839537
	321	2	2	0.000000	-2.848118	-6.596525	0.977968
	322	2	12	0.000000	-0.035655	-3.380030	0.019816
