569	568	570	113.878960	109.942639
568	570	571	94.784734	109.942639
570	571	572	108.833652	109.942639
570	571	573	120.690641	71.701721
572	571	573	113.879764	109.942639
571	573	574	94.782944	109.942639
573	574	575	108.825606	109.942639
573	574	576	117.431559	71.701721
575	574	576	111.930959	88.432122
574	576	577	95.234334	88.432122
576	577	578	99.443733	88.432122
576	577	579	119.314134	71.701721
578	577	579	113.574672	109.942639
577	579	580	95.152838	109.942639
579	580	581	98.267870	109.942639
579	580	582	121.093713	71.701721
581	580	582	113.572810	109.942639
580	582	583	95.146041	109.942639
582	583	584	98.267737	109.942639
582	583	585	113.463649	71.701721
584	583	585	113.398743	49.235182
583	585	586	93.995131	49.235182
585	586	587	111.727384	49.235182
585	586	588	124.728694	71.701721
587	586	588	111.146339	105.640535
586	588	589	97.638773	105.640535
588	589	590	98.577681	105.640535
588	589	591	119.171788	71.701721
590	589	591	113.572099	109.942639
589	591	592	95.148162	109.942639
591	592	593	98.267326	109.942639
591	592	594	121.090654	71.701721
593	592	594	113.577212	109.942639
592	594	595	95.153755	109.942639
594	595	596	98.265873	109.942639
594	595	597	113.477054	71.701721
596	595	597	113.400234	49.235182
595	597	598	93.995402	49.235182
597	598	599	111.734137	49.235182
597	598	600	123.935467	71.701721
599	598	600	114.661623	91.539197
598	600	601	94.970075	91.539197
600	601	602	108.068587	91.539197
600	601	603	120.815169	71.701721
602	601	603	113.875915	109.942639
601	603	604	94.784479	109.942639
603	604	605	108.824721	109.942639
603	604	606	117.428729	71.701721
605	604	606	111.934842	88.432122
604	606	607	95.227673	88.432122
606	607	608	99.441087	88.432122
606	607	609	119.309573	71.701721
608	607	609	113.569787	109.942639
607	609	610	95.150535	109.942639
609	610	611	98.268290	109.942639
609	610	612	121.092948	71.701721
611	610	612	113.576784	109.942639
610	612	613	95.152702	109.942639
612	613	614	98.262873	109.942639
612	613	615	121.088837	71.701721
614	613	615	113.576255	109.942639
613	615	616	95.146785	109.942639
615	616	617	98.265552	109.942639
615	616	618	113.470502	71.701721
617	616	618	113.394983	49.235182
616	618	619	93.995933	49.235182
618	619	620	111.733016	49.235182
618	619	621	123.936832	71.701721
620	619	621	114.659266	91.539197
619	621	622	94.977305	91.539197
621	622	623	108.064470	91.539197
621	622	624	113.819354	71.701721
623	622	624	112.194387	85.564054
622	624	625	95.313117	85.564054
624	625	626	112.794624	85.564054
624	625	627	118.661918	71.701721
626	625	627	118.267177	80.305927
625	627	628	92.664240	80.305927
627	628	629	103.135328	80.305927
627	628	630	119.545282	71.701721
629	628	630	113.825279	49.235182
628	630	631	95.105543	49.235182
630	631	632	107.534855	49.235182
630	631	633	122.876769	71.701721
632	631	633	113.872636	109.942639
631	633	634	94.784502	109.942639
633	634	635	108.825588	109.942639
633	634	636	120.689914	71.701721
635	634	636	113.879014	109.942639
634	636	637	94.785034	109.942639
636	637	638	108.828057	109.942639
636	637	639	117.434251	71.701721
638	637	639	111.923918	88.432122
637	639	640	95.239147	88.432122
639	640	641	99.440350	88.432122
639	640	642	119.313088	71.701721
641	640	642	113.575194	109.942639
640	642	643	95.152986	109.942639
642	643	644	98.263878	109.942639
642	643	645	121.094590	71.701721
644	643	645	113.574957	109.942639
643	645	646	95.152987	109.942639
645	646	647	98.268796	109.942639
645	646	648	119.011679	71.701721
647	646	648	113.986573	28.680688
646	648	649	94.885264	28.680688
648	649	650	108.414002	28.680688
648	649	651	122.381187	71.701721
650	649	651	113.872323	109.942639
649	651	652	94.788345	109.942639
651	652	653	108.827362	109.942639
651	652	654	120.688336	71.701721
653	652	654	113.880862	109.942639
652	654	655	94.776382	109.942639
654	655	656	108.828420	109.942639
654	655	657	117.419679	71.701721
656	655	657	111.935375	88.432122
655	657	658	95.225711	88.432122
657	658	659	99.444512	88.432122
657	658	660	119.306692	71.701721
659	658	660	113.578717	109.942639
658	660	661	95.147689	109.942639
660	661	662	98.264284	109.942639
660	661	663	121.087847	71.701721
662	661	663	113.578132	109.942639
661	663	664	95.146910	109.942639
663	664	665	98.266073	109.942639
663	664	666	113.475812	71.701721
665	664	666	113.401069	49.235182
664	666	667	93.999800	49.235182
666	667	668	111.729946	49.235182
666	667	669	124.728903	71.701721
668	667	669	111.148600	105.640535
667	669	670	97.634777	105.640535
669	670	671	98.577374	105.640535
669	670	672	119.170862	71.701721
671	670	672	113.573431	109.942639
670	672	673	95.150199	109.942639
672	673	674	98.273209	109.942639
672	673	675	121.094856	71.701721
674	673	675	113.570869	109.942639
673	675	676	95.147278	109.942639
675	676	677	98.268524	109.942639
675	676	678	113.468701	71.701721
677	676	678	113.395252	49.235182
676	678	679	93.994567	49.235182
678	679	680	111.734779	49.235182
678	679	681	123.932797	71.701721
680	679	681	114.664792	91.539197
679	681	682	94.975671	91.539197
681	682	683	108.067761	91.539197
681	682	684	120.828442	71.701721
683	682	684	113.871250	109.942639
682	684	685	94.793851	109.942639
684	685	686	108.825227	109.942639
684	685	687	117.433534	71.701721
686	685	687	111.939483	88.432122
685	687	688	95.225480	88.432122
687	688	689	99.445011	88.432122
687	688	690	119.307781	71.701721
689	688	690	113.575927	109.942639
688	690	691	95.148685	109.942639
690	691	692	98.270598	109.942639
690	691	693	121.091115	71.701721
692	691	693	113.567851	109.942639
691	693	694	95.157833	109.942639
693	694	695	98.262488	109.942639
693	694	696	121.097825	71.701721
695	694	696	113.573311	109.942639
694	696	697	95.151517	109.942639
696	697	698	98.268267	109.942639
696	697	699	113.472372	71.701721
698	697	699	113.404138	49.235182
697	699	700	94.001939	49.235182
699	700	701	111.725019	49.235182
699	700	702	123.941746	71.701721
701	700	702	114.668152	91.539197
700	702	703	94.973056	91.539197
702	703	704	108.060500	91.539197
702	703	705	113.812831	71.701721
704	703	705	112.204482	85.564054
703	705	706	95.302163	85.564054
705	706	707	112.800406	85.564054
705	706	708	118.656046	71.701721
707	706	708	118.269821	80.305927
706	708	709	92.665487	80.305927
708	709	710	103.136689	80.305927
708	709	711	119.554869	71.701721
710	709	711	113.828749	49.235182
709	711	712	95.110684	49.235182
711	712	713	107.536189	49.235182
711	712	714	122.877246	71.701721
713	712	714	113.877338	109.942639
712	714	715	94.780583	109.942639
714	715	716	108.828611	109.942639
714	715	717	120.684497	71.701721
716	715	717	113.879362	109.942639
715	717	718	94.774133	109.942639
717	718	719	108.833224	109.942639
717	718	720	117.422898	71.701721
719	718	720	111.927771	88.432122
718	720	721	95.235572	88.432122
720	721	722	99.433464	88.432122
720	721	723	119.315936	71.701721
722	721	723	113.573955	109.942639
721	723	724	95.159335	109.942639
723	724	725	98.263629	109.942639
723	724	726	121.099940	71.701721
725	724	726	113.573338	109.942639
724	726	727	95.150506	109.942639
726	727	728	98.269491	109.942639
730	729	731	113.827277	109.942639
729	731	732	94.826694	109.942639
731	732	733	108.826944	109.942639
731	732	734	120.676293	71.701721
733	732	734	113.831463	109.942639
732	734	735	94.833250	109.942639
734	735	736	108.820188	109.942639
734	735	737	117.453836	71.701721
736	735	737	111.929370	88.432122
735	737	738	95.236324	88.432122
737	738	739	99.446813	88.432122
737	738	740	119.333977	71.701721
739	738	740	113.638443	109.942639
738	740	741	95.093701	109.942639
740	741	742	98.277469	109.942639
740	741	743	121.092264	71.701721
742	741	743	113.631469	109.942639
741	743	744	95.092374	109.942639
743	744	745	98.274126	109.942639
743	744	746	113.450933	71.701721
745	744	746	113.388966	49.235182
744	746	747	94.000403	49.235182
746	747	748	111.730304	49.235182
746	747	749	120.397532	71.701721
748	747	749	118.268861	80.305927
747	749	750	92.663878	80.305927
749	750	751	103.139044	80.305927
749	750	752	121.501559	71.701721
751	750	752	111.007546	85.564054
750	752	753	97.476181	85.564054
752	753	754	97.807999	85.564054
752	753	755	114.158655	71.701721
754	753	755	115.450421	91.539197
753	755	756	93.068562	91.539197
755	756	757	103.856218	91.539197
755	756	758	121.234684	71.701721
757	756	758	113.819205	49.235182
756	758	759	95.107872	49.235182
758	759	760	107.535295	49.235182
758	759	761	122.846994	71.701721
760	759	761	113.835503	109.942639
759	761	762	94.822267	109.942639
761	762	763	108.828190	109.942639
761	762	764	120.677065	71.701721
763	762	764	113.832356	109.942639
762	764	765	94.833568	109.942639
764	765	766	108.826741	109.942639
764	765	767	120.688367	71.701721
766	765	767	113.833366	109.942639
765	767	768	94.834676	109.942639
767	768	769	108.821245	109.942639
767	768	770	117.446966	71.701721
769	768	770	111.934599	88.432122
768	770	771	95.232101	88.432122
770	771	772	99.438357	88.432122
770	771	773	119.332968	71.701721
772	771	773	113.638467	109.942639
771	773	774	95.092318	109.942639
773	774	775	98.275155	109.942639
773	774	776	113.834187	71.701721
775	774	776	115.456675	91.539197
774	776	777	93.060546	91.539197
776	777	778	103.857549	91.539197
776	777	779	121.234046	71.701721
778	777	779	113.818489	49.235182
777	779	780	95.110698	49.235182
779	780	781	107.533055	49.235182
779	780	782	122.851669	71.701721
781	780	782	113.829230	109.942639
780	782	783	94.828992	109.942639
782	783	784	108.823430	109.942639
782	783	785	120.678913	71.701721
784	783	785	113.828695	109.942639
783	785	786	94.826420	109.942639
785	786	787	108.822163	109.942639
785	786	788	112.882575	71.701721
787	786	788	114.219202	105.640535
786	788	789	94.464887	105.640535
788	789	790	105.059734	105.640535
788	789	791	119.064013	71.701721
790	789	791	113.820556	49.235182
789	791	792	95.111504	49.235182
791	792	793	107.535573	49.235182
791	792	794	122.854032	71.701721
793	792	794	113.827656	109.942639
792	794	795	94.835846	109.942639
794	795	796	108.818289	109.942639
794	795	797	120.685069	71.701721
796	795	797	113.831413	109.942639
795	797	798	94.833467	109.942639
797	798	799	108.818086	109.942639
797	798	800	117.443132	71.701721
799	798	800	111.932453	88.432122
798	800	801	95.233396	88.432122
800	801	802	99.438376	88.432122
800	801	803	119.338698	71.701721
802	801	803	113.645622	109.942639
801	803	804	95.100545	109.942639
803	804	805	98.273168	109.942639
803	804	806	121.100131	71.701721
805	804	806	113.633631	109.942639
804	806	807	95.093964	109.942639
806	807	808	98.276740	109.942639
806	807	809	118.988192	71.701721
808	807	809	113.982448	28.680688
807	809	810	94.880417	28.680688
809	810	811	108.419407	28.680688
809	810	812	122.341757	71.701721
811	810	812	113.835039	109.942639
810	812	813	94.820457	109.942639
812	813	814	108.832661	109.942639
812	813	815	120.673354	71.701721
814	813	815	113.837569	109.942639
813	815	816	94.823132	109.942639
815	816	817	108.824516	109.942639
815	816	818	117.442752	71.701721
817	816	818	111.933069	88.432122
816	818	819	95.231524	88.432122
818	819	820	99.442621	88.432122
818	819	821	119.333178	71.701721
820	819	821	113.637075	109.942639
819	821	822	95.094701	109.942639
821	822	823	98.278928	109.942639
821	822	824	121.098719	71.701721
823	822	824	113.636863	109.942639
822	824	825	95.097880	109.942639
824	825	826	98.278263	109.942639
824	825	827	113.455612	71.701721
826	825	827	113.393551	49.235182
825	827	828	93.998088	49.235182
827	828	829	111.731901	49.235182
827	828	830	120.396476	71.701721
829	828	830	118.270486	80.305927
828	830	831	92.667175	80.305927
830	831	832	103.135024	80.305927
830	831	833	121.507507	71.701721
832	831	833	111.010776	85.564054
831	833	834	97.474507	85.564054
833	834	835	97.813488	85.564054
833	834	836	114.153709	71.701721
835	834	836	115.460953	91.539197
834	836	837	93.062344	91.539197
836	837	838	103.856044	91.539197
836	837	839	121.231159	71.701721
838	837	839	113.823406	49.235182
837	839	840	95.105183	49.235182
839	840	841	107.531095	49.235182
839	840	842	122.848360	71.701721
841	840	842	113.832728	109.942639
840	842	843	94.825449	109.942639
842	843	844	108.823184	109.942639
842	843	845	120.675509	71.701721
844	843	845	113.827809	109.942639
843	845	846	94.828353	109.942639
845	846	847	108.821874	109.942639
845	846	848	120.677338	71.701721
847	846	848	113.828118	109.942639
846	848	849	94.829197	109.942639
848	849	850	108.823841	109.942639
848	849	851	117.448036	71.701721
850	849	851	111.927228	88.432122
849	851	852	95.236068	88.432122
851	852	853	99.442103	88.432122
851	852	854	119.334190	71.701721
853	852	854	113.634783	109.942639
852	854	855	95.096161	109.942639
854	855	856	98.276212	109.942639
854	855	857	113.839996	71.701721
856	855	857	115.459579	91.539197
855	857	858	93.064856	91.539197
857	858	859	103.859215	91.539197
857	858	860	121.235949	71.701721
859	858	860	113.818335	49.235182
858	860	861	95.111129	49.235182
860	861	862	107.534588	49.235182
860	861	863	122.856482	71.701721
862	861	863	113.824274	109.942639
861	863	864	94.832722	109.942639
863	864	865	108.820457	109.942639
863	864	866	120.679130	71.701721
865	864	866	113.823841	109.942639
864	866	867	94.831992	109.942639
866	867	868	108.824908	109.942639
866	867	869	112.882083	71.701721
868	867	869	114.226453	105.640535
867	869	870	94.462422	105.640535
869	870	871	105.062328	105.640535
869	870	872	119.059507	71.701721
871	870	872	113.827234	49.235182
870	872	873	95.106796	49.235182
872	873	874	107.526233	49.235182
872	873	875	122.853812	71.701721
874	873	875	113.830284	109.942639
873	875	876	94.835181	109.942639
875	876	877	108.816396	109.942639
875	876	878	120.683439	71.701721
877	876	878	113.837228	109.942639
876	878	879	94.830641	109.942639
878	879	880	108.819846	109.942639
878	879	881	117.445584	71.701721
880	879	881	111.933172	88.432122
879	881	882	95.233000	88.432122
881	882	883	99.439693	88.432122
881	882	884	119.333123	71.701721
883	882	884	113.632925	109.942639
882	884	885	95.096564	109.942639
884	885	886	98.274082	109.942639
884	885	887	121.093773	71.701721
886	885	887	113.633456	109.942639
885	887	888	95.095082	109.942639
887	888	889	98.271748	109.942639
