568	569	4.863572	0.143403	0.000000	14.340344
568	570	3.685540	0.143403	0.000000	14.340344
570	571	3.744376	0.143403	0.000000	14.340344
571	572	4.863661	0.143403	0.000000	14.340344
571	573	3.685726	0.143403	0.000000	14.340344
573	574	3.744592	0.143403	0.000000	14.340344
574	575	4.863880	0.143403	0.000000	14.340344
574	576	3.287234	0.143403	0.000000	14.340344
576	577	3.728845	0.143403	0.000000	14.340344
577	578	4.378837	0.143403	0.000000	14.340344
577	579	3.870338	0.143403	0.000000	14.340344
579	580	3.758842	0.143403	0.000000	14.340344
580	581	4.378724	0.143403	0.000000	14.340344
580	582	3.871014	0.143403	0.000000	14.340344
582	583	3.759182	0.143403	0.000000	14.340344
583	584	4.378629	0.143403	0.000000	14.340344
583	585	4.391306	0.143403	0.000000	14.340344
585	586	3.716503	0.143403	0.000000	14.340344
586	587	4.973310	0.143403	0.000000	14.340344
586	588	3.285004	0.143403	0.000000	14.340344
588	589	3.759963	0.143403	0.000000	14.340344
589	590	4.378715	0.143403	0.000000	14.340344
589	591	3.870628	0.143403	0.000000	14.340344
591	592	3.759038	0.143403	0.000000	14.340344
592	593	4.378800	0.143403	0.000000	14.340344
592	594	3.870334	0.143403	0.000000	14.340344
594	595	3.759317	0.143403	0.000000	14.340344
595	596	4.378690	0.143403	0.000000	14.340344
595	597	4.391166	0.143403	0.000000	14.340344
597	598	3.716087	0.143403	0.000000	14.340344
598	599	4.973341	0.143403	0.000000	14.340344
598	600	3.736012	0.143403	0.000000	14.340344
600	601	3.739451	0.143403	0.000000	14.340344
601	602	4.863613	0.143403	0.000000	14.340344
601	603	3.685692	0.143403	0.000000	14.340344
603	604	3.744951	0.143403	0.000000	14.340344
604	605	4.863619	0.143403	0.000000	14.340344
604	606	3.287133	0.143403	0.000000	14.340344
606	607	3.728773	0.143403	0.000000	14.340344
607	608	4.378855	0.143403	0.000000	14.340344
607	609	3.870582	0.143403	0.000000	14.340344
609	610	3.759003	0.143403	0.000000	14.340344
610	611	4.378753	0.143403	0.000000	14.340344
610	612	3.870575	0.143403	0.000000	14.340344
612	613	3.759211	0.143403	0.000000	14.340344
613	614	4.378911	0.143403	0.000000	14.340344
613	615	3.870318	0.143403	0.000000	14.340344
615	616	3.759269	0.143403	0.000000	14.340344
616	617	4.378701	0.143403	0.000000	14.340344
616	618	4.391295	0.143403	0.000000	14.340344
618	619	3.716213	0.143403	0.000000	14.340344
619	620	4.973504	0.143403	0.000000	14.340344
619	621	3.735598	0.143403	0.000000	14.340344
621	622	3.739609	0.143403	0.000000	14.340344
622	623	4.863762	0.143403	0.000000	14.340344
622	624	3.836063	0.143403	0.000000	14.340344
624	625	3.724806	0.143403	0.000000	14.340344
625	626	4.973588	0.143403	0.000000	14.340344
625	627	3.256324	0.143403	0.000000	14.340344
627	628	3.699847	0.143403	0.000000	14.340344
628	629	4.299634	0.143403	0.000000	14.340344
628	630	4.385579	0.143403	0.000000	14.340344
630	631	3.753213	0.143403	0.000000	14.340344
631	632	4.863682	0.143403	0.000000	14.340344
631	633	3.685809	0.143403	0.000000	14.340344
633	634	3.744622	0.143403	0.000000	14.340344
634	635	4.863726	0.143403	0.000000	14.340344
634	636	3.685517	0.143403	0.000000	14.340344
636	637	3.744066	0.143403	0.000000	14.340344
637	638	4.863907	0.143403	0.000000	14.340344
637	639	3.287360	0.143403	0.000000	14.340344
639	640	3.728921	0.143403	0.000000	14.340344
640	641	4.378579	0.143403	0.000000	14.340344
640	642	3.870442	0.143403	0.000000	14.340344
642	643	3.758906	0.143403	0.000000	14.340344
643	644	4.378878	0.143403	0.000000	14.340344
643	645	3.870433	0.143403	0.000000	14.340344
645	646	3.759153	0.143403	0.000000	14.340344
646	647	4.378651	0.143403	0.000000	14.340344
646	648	4.191292	0.143403	0.000000	14.340344
648	649	3.751266	0.143403	0.000000	14.340344
649	650	4.863762	0.143403	0.000000	14.340344
649	651	3.685808	0.143403	0.000000	14.340344
651	652	3.744531	0.143403	0.000000	14.340344
652	653	4.863640	0.143403	0.000000	14.340344
652	654	3.685734	0.143403	0.000000	14.340344
654	655	3.744646	0.143403	0.000000	14.340344
655	656	4.863505	0.143403	0.000000	14.340344
655	657	3.287615	0.143403	0.000000	14.340344
657	658	3.729041	0.143403	0.000000	14.340344
658	659	4.378912	0.143403	0.000000	14.340344
658	660	3.870310	0.143403	0.000000	14.340344
660	661	3.759540	0.143403	0.000000	14.340344
661	662	4.378711	0.143403	0.000000	14.340344
661	663	3.870391	0.143403	0.000000	14.340344
663	664	3.759287	0.143403	0.000000	14.340344
664	665	4.378598	0.143403	0.000000	14.340344
664	666	4.391231	0.143403	0.000000	14.340344
666	667	3.716349	0.143403	0.000000	14.340344
667	668	4.973368	0.143403	0.000000	14.340344
667	669	3.284974	0.143403	0.000000	14.340344
669	670	3.759987	0.143403	0.000000	14.340344
670	671	4.378758	0.143403	0.000000	14.340344
670	672	3.870638	0.143403	0.000000	14.340344
672	673	3.758919	0.143403	0.000000	14.340344
673	674	4.378814	0.143403	0.000000	14.340344
673	675	3.870855	0.143403	0.000000	14.340344
675	676	3.759081	0.143403	0.000000	14.340344
676	677	4.378626	0.143403	0.000000	14.340344
676	678	4.391683	0.143403	0.000000	14.340344
678	679	3.716042	0.143403	0.000000	14.340344
679	680	4.973419	0.143403	0.000000	14.340344
679	681	3.735495	0.143403	0.000000	14.340344
681	682	3.739465	0.143403	0.000000	14.340344
682	683	4.863545	0.143403	0.000000	14.340344
682	684	3.685763	0.143403	0.000000	14.340344
684	685	3.744435	0.143403	0.000000	14.340344
685	686	4.863691	0.143403	0.000000	14.340344
685	687	3.286944	0.143403	0.000000	14.340344
687	688	3.729093	0.143403	0.000000	14.340344
688	689	4.378440	0.143403	0.000000	14.340344
688	690	3.870649	0.143403	0.000000	14.340344
690	691	3.758841	0.143403	0.000000	14.340344
691	692	4.378716	0.143403	0.000000	14.340344
691	693	3.870223	0.143403	0.000000	14.340344
693	694	3.758926	0.143403	0.000000	14.340344
694	695	4.378748	0.143403	0.000000	14.340344
694	696	3.870645	0.143403	0.000000	14.340344
696	697	3.759120	0.143403	0.000000	14.340344
697	698	4.378655	0.143403	0.000000	14.340344
697	699	4.391086	0.143403	0.000000	14.340344
699	700	3.716436	0.143403	0.000000	14.340344
700	701	4.973399	0.143403	0.000000	14.340344
700	702	3.735283	0.143403	0.000000	14.340344
702	703	3.739815	0.143403	0.000000	14.340344
703	704	4.863679	0.143403	0.000000	14.340344
703	705	3.836016	0.143403	0.000000	14.340344
705	706	3.724962	0.143403	0.000000	14.340344
706	707	4.973204	0.143403	0.000000	14.340344
706	708	3.256470	0.143403	0.000000	14.340344
708	709	3.699869	0.143403	0.000000	14.340344
709	710	4.299757	0.143403	0.000000	14.340344
709	711	4.385455	0.143403	0.000000	14.340344
711	712	3.753199	0.143403	0.000000	14.340344
712	713	4.863609	0.143403	0.000000	14.340344
712	714	3.685718	0.143403	0.000000	14.340344
714	715	3.744572	0.143403	0.000000	14.340344
715	716	4.863619	0.143403	0.000000	14.340344
715	717	3.686033	0.143403	0.000000	14.340344
717	718	3.744540	0.143403	0.000000	14.340344
718	719	4.863675	0.143403	0.000000	14.340344
718	720	3.287376	0.143403	0.000000	14.340344
720	721	3.728818	0.143403	0.000000	14.340344
721	722	4.378996	0.143403	0.000000	14.340344
721	723	3.870085	0.143403	0.000000	14.340344
723	724	3.758972	0.143403	0.000000	14.340344
724	725	4.378791	0.143403	0.000000	14.340344
724	726	3.870824	0.143403	0.000000	14.340344
726	727	3.758772	0.143403	0.000000	14.340344
727	728	4.379001	0.143403	0.000000	14.340344
729	730	4.863597	0.143403	0.000000	14.340344
729	731	3.690041	0.143403	0.000000	14.340344
731	732	3.744815	0.143403	0.000000	14.340344
732	733	4.863436	0.143403	0.000000	14.340344
732	734	3.689861	0.143403	0.000000	14.340344
734	735	3.744969	0.143403	0.000000	14.340344
735	736	4.863907	0.143403	0.000000	14.340344
735	737	3.287143	0.143403	0.000000	14.340344
737	738	3.728801	0.143403	0.000000	14.340344
738	739	4.378649	0.143403	0.000000	14.340344
738	740	3.866146	0.143403	0.000000	14.340344
740	741	3.758255	0.143403	0.000000	14.340344
741	742	4.378594	0.143403	0.000000	14.340344
741	743	3.866211	0.143403	0.000000	14.340344
743	744	3.758227	0.143403	0.000000	14.340344
744	745	4.378686	0.143403	0.000000	14.340344
744	746	4.391749	0.143403	0.000000	14.340344
746	747	3.715992	0.143403	0.000000	14.340344
747	748	4.973667	0.143403	0.000000	14.340344
747	749	3.256415	0.143403	0.000000	14.340344
749	750	3.699743	0.143403	0.000000	14.340344
750	751	4.299756	0.143403	0.000000	14.340344
750	752	3.998458	0.143403	0.000000	14.340344
752	753	3.784379	0.143403	0.000000	14.340344
753	754	4.378767	0.143403	0.000000	14.340344
753	755	3.707310	0.143403	0.000000	14.340344
755	756	3.710140	0.143403	0.000000	14.340344
756	757	4.299428	0.143403	0.000000	14.340344
756	758	4.385657	0.143403	0.000000	14.340344
758	759	3.753115	0.143403	0.000000	14.340344
759	760	4.863517	0.143403	0.000000	14.340344
759	761	3.690027	0.143403	0.000000	14.340344
761	762	3.745046	0.143403	0.000000	14.340344
762	763	4.863710	0.143403	0.000000	14.340344
762	764	3.689821	0.143403	0.000000	14.340344
764	765	3.744674	0.143403	0.000000	14.340344
765	766	4.863671	0.143403	0.000000	14.340344
765	767	3.689694	0.143403	0.000000	14.340344
767	768	3.744971	0.143403	0.000000	14.340344
768	769	4.863776	0.143403	0.000000	14.340344
768	770	3.287080	0.143403	0.000000	14.340344
770	771	3.729187	0.143403	0.000000	14.340344
771	772	4.378662	0.143403	0.000000	14.340344
771	773	3.865942	0.143403	0.000000	14.340344
773	774	3.758579	0.143403	0.000000	14.340344
774	775	4.378761	0.143403	0.000000	14.340344
774	776	3.707255	0.143403	0.000000	14.340344
776	777	3.710166	0.143403	0.000000	14.340344
777	778	4.299902	0.143403	0.000000	14.340344
777	779	4.385669	0.143403	0.000000	14.340344
779	780	3.753269	0.143403	0.000000	14.340344
780	781	4.863700	0.143403	0.000000	14.340344
780	782	3.689899	0.143403	0.000000	14.340344
782	783	3.744896	0.143403	0.000000	14.340344
783	784	4.863677	0.143403	0.000000	14.340344
783	785	3.689887	0.143403	0.000000	14.340344
785	786	3.745111	0.143403	0.000000	14.340344
786	787	4.863746	0.143403	0.000000	14.340344
786	788	3.018588	0.143403	0.000000	14.340344
788	789	3.704026	0.143403	0.000000	14.340344
789	790	4.299964	0.143403	0.000000	14.340344
789	791	4.385469	0.143403	0.000000	14.340344
791	792	3.753030	0.143403	0.000000	14.340344
792	793	4.863485	0.143403	0.000000	14.340344
792	794	3.689911	0.143403	0.000000	14.340344
794	795	3.744926	0.143403	0.000000	14.340344
795	796	4.863890	0.143403	0.000000	14.340344
795	797	3.689413	0.143403	0.000000	14.340344
797	798	3.745158	0.143403	0.000000	14.340344
798	799	4.863742	0.143403	0.000000	14.340344
798	800	3.287274	0.143403	0.000000	14.340344
800	801	3.729035	0.143403	0.000000	14.340344
801	802	4.378699	0.143403	0.000000	14.340344
801	803	3.865497	0.143403	0.000000	14.340344
803	804	3.758247	0.143403	0.000000	14.340344
804	805	4.378971	0.143403	0.000000	14.340344
804	806	3.866152	0.143403	0.000000	14.340344
806	807	3.758486	0.143403	0.000000	14.340344
807	808	4.378756	0.143403	0.000000	14.340344
807	809	4.191608	0.143403	0.000000	14.340344
809	810	3.751837	0.143403	0.000000	14.340344
810	811	4.863415	0.143403	0.000000	14.340344
810	812	3.689888	0.143403	0.000000	14.340344
812	813	3.745155	0.143403	0.000000	14.340344
813	814	4.863227	0.143403	0.000000	14.340344
813	815	3.689845	0.143403	0.000000	14.340344
815	816	3.745299	0.143403	0.000000	14.340344
816	817	4.863386	0.143403	0.000000	14.340344
816	818	3.287155	0.143403	0.000000	14.340344
818	819	3.728882	0.143403	0.000000	14.340344
819	820	4.378787	0.143403	0.000000	14.340344
819	821	3.866190	0.143403	0.000000	14.340344
821	822	3.758418	0.143403	0.000000	14.340344
822	823	4.378594	0.143403	0.000000	14.340344
822	824	3.865952	0.143403	0.000000	14.340344
824	825	3.758297	0.143403	0.000000	14.340344
825	826	4.378814	0.143403	0.000000	14.340344
825	827	4.391513	0.143403	0.000000	14.340344
827	828	3.716153	0.143403	0.000000	14.340344
828	829	4.973488	0.143403	0.000000	14.340344
828	830	3.256204	0.143403	0.000000	14.340344
830	831	3.700095	0.143403	0.000000	14.340344
831	832	4.299657	0.143403	0.000000	14.340344
831	833	3.998505	0.143403	0.000000	14.340344
833	834	3.784250	0.143403	0.000000	14.340344
834	835	4.378324	0.143403	0.000000	14.340344
834	836	3.707107	0.143403	0.000000	14.340344
836	837	3.710445	0.143403	0.000000	14.340344
837	838	4.299647	0.143403	0.000000	14.340344
837	839	4.385612	0.143403	0.000000	14.340344
839	840	3.753461	0.143403	0.000000	14.340344
840	841	4.863559	0.143403	0.000000	14.340344
840	842	3.689782	0.143403	0.000000	14.340344
842	843	3.745334	0.143403	0.000000	14.340344
843	844	4.863768	0.143403	0.000000	14.340344
843	845	3.689678	0.143403	0.000000	14.340344
845	846	3.744693	0.143403	0.000000	14.340344
846	847	4.863484	0.143403	0.000000	14.340344
846	848	3.689961	0.143403	0.000000	14.340344
848	849	3.745031	0.143403	0.000000	14.340344
849	850	4.863402	0.143403	0.000000	14.340344
849	851	3.287483	0.143403	0.000000	14.340344
851	852	3.728570	0.143403	0.000000	14.340344
852	853	4.378865	0.143403	0.000000	14.340344
852	854	3.866132	0.143403	0.000000	14.340344
854	855	3.758452	0.143403	0.000000	14.340344
855	856	4.378616	0.143403	0.000000	14.340344
855	857	3.707144	0.143403	0.000000	14.340344
857	858	3.710073	0.143403	0.000000	14.340344
858	859	4.299747	0.143403	0.000000	14.340344
858	860	4.385602	0.143403	0.000000	14.340344
860	861	3.753056	0.143403	0.000000	14.340344
861	862	4.863625	0.143403	0.000000	14.340344
861	863	3.690086	0.143403	0.000000	14.340344
863	864	3.744633	0.143403	0.000000	14.340344
864	865	4.863934	0.143403	0.000000	14.340344
864	866	3.689916	0.143403	0.000000	14.340344
866	867	3.744836	0.143403	0.000000	14.340344
867	868	4.863618	0.143403	0.000000	14.340344
867	869	3.018447	0.143403	0.000000	14.340344
869	870	3.704301	0.143403	0.000000	14.340344
870	871	4.299783	0.143403	0.000000	14.340344
870	872	4.385351	0.143403	0.000000	14.340344
872	873	3.753351	0.143403	0.000000	14.340344
873	874	4.863856	0.143403	0.000000	14.340344
873	875	3.689710	0.143403	0.000000	14.340344
875	876	3.745136	0.143403	0.000000	14.340344
876	877	4.863730	0.143403	0.000000	14.340344
876	878	3.689476	0.143403	0.000000	14.340344
878	879	3.745100	0.143403	0.000000	14.340344
879	880	4.863606	0.143403	0.000000	14.340344
879	881	3.287132	0.143403	0.000000	14.340344
881	882	3.729063	0.143403	0.000000	14.340344
882	883	4.378965	0.143403	0.000000	14.340344
882	884	3.865756	0.143403	0.000000	14.340344
884	885	3.758523	0.143403	0.000000	14.340344
885	886	4.378709	0.143403	0.000000	14.340344
885	887	3.866092	0.143403	0.000000	14.340344
887	888	3.758522	0.143403	0.000000	14.340344
888	889	4.378795	0.143403	0.000000	14.340344
