569	568	570	571	-203.354820	0.478011	1.673040	0.300000	1
568	570	571	572	-134.556054	0.478011	1.673040	0.300000	1
568	570	571	573	-0.142708	0.478011	1.673040	0.300000	2
570	571	573	574	-335.680576	0.478011	1.673040	0.300000	2
572	571	573	574	-203.357209	0.478011	1.673040	0.300000	1
571	573	574	575	-134.552588	0.478011	1.673040	0.300000	1
571	573	574	576	-6.123584	0.478011	1.673040	0.300000	2
573	574	576	577	-336.180639	0.478011	1.673040	0.300000	2
575	574	576	577	-209.245373	0.478011	1.673040	0.300000	1
574	576	577	578	-122.796888	0.478011	1.673040	0.300000	1
574	576	577	579	-358.853329	0.478011	1.673040	0.300000	2
576	577	579	580	-335.537791	0.478011	1.673040	0.300000	2
578	577	579	580	-218.773103	0.478011	1.673040	0.300000	1
577	579	580	581	-125.624593	0.478011	1.673040	0.300000	1
577	579	580	582	-1.599675	0.478011	1.673040	0.300000	2
579	580	582	583	-335.286513	0.478011	1.673040	0.300000	2
581	580	582	583	-218.776129	0.478011	1.673040	0.300000	1
580	582	583	584	-125.623624	0.478011	1.673040	0.300000	1
580	582	583	585	-5.587600	0.478011	1.673040	0.300000	2
582	583	585	586	-330.306606	0.478011	1.673040	0.300000	2
584	583	585	586	-219.290509	0.478011	1.673040	0.300000	1
583	585	586	587	-133.941293	0.478011	1.673040	0.300000	1
583	585	586	588	-355.459403	0.478011	1.673040	0.300000	2
585	586	588	589	-340.160558	0.478011	1.673040	0.300000	2
587	586	588	589	-201.477410	0.478011	1.673040	0.300000	1
586	588	589	590	-128.435370	0.478011	1.673040	0.300000	1
586	588	589	591	-5.248108	0.478011	1.673040	0.300000	2
588	589	591	592	-334.241625	0.478011	1.673040	0.300000	2
590	589	591	592	-218.778489	0.478011	1.673040	0.300000	1
589	591	592	593	-125.621437	0.478011	1.673040	0.300000	1
589	591	592	594	-1.593007	0.478011	1.673040	0.300000	2
591	592	594	595	-335.282854	0.478011	1.673040	0.300000	2
593	592	594	595	-218.771725	0.478011	1.673040	0.300000	1
592	594	595	596	-125.629352	0.478011	1.673040	0.300000	1
592	594	595	597	-5.587062	0.478011	1.673040	0.300000	2
594	595	597	598	-330.310468	0.478011	1.673040	0.300000	2
596	595	597	598	-219.287327	0.478011	1.673040	0.300000	1
595	597	598	599	-133.945412	0.478011	1.673040	0.300000	1
595	597	598	600	-349.884343	0.478011	1.673040	0.300000	2
597	598	600	601	-339.779027	0.478011	1.673040	0.300000	2
599	598	600	601	-196.643158	0.478011	1.673040	0.300000	1
598	600	601	602	-138.905798	0.478011	1.673040	0.300000	1
598	600	601	603	-5.249047	0.478011	1.673040	0.300000	2
600	601	603	604	-334.581541	0.478011	1.673040	0.300000	2
602	601	603	604	-203.360987	0.478011	1.673040	0.300000	1
601	603	604	605	-134.552672	0.478011	1.673040	0.300000	1
601	603	604	606	-6.121418	0.478011	1.673040	0.300000	2
603	604	606	607	-336.188267	0.478011	1.673040	0.300000	2
605	604	606	607	-209.253107	0.478011	1.673040	0.300000	1
604	606	607	608	-122.786061	0.478011	1.673040	0.300000	1
604	606	607	609	-358.853501	0.478011	1.673040	0.300000	2
606	607	609	610	-335.528439	0.478011	1.673040	0.300000	2
608	607	609	610	-218.775074	0.478011	1.673040	0.300000	1
607	609	610	611	-125.623709	0.478011	1.673040	0.300000	1
607	609	610	612	-1.593705	0.478011	1.673040	0.300000	2
609	610	612	613	-335.290309	0.478011	1.673040	0.300000	2
611	610	612	613	-218.776395	0.478011	1.673040	0.300000	1
610	612	613	614	-125.625602	0.478011	1.673040	0.300000	1
610	612	613	615	-1.603154	0.478011	1.673040	0.300000	2
612	613	615	616	-335.284849	0.478011	1.673040	0.300000	2
614	613	615	616	-218.782279	0.478011	1.673040	0.300000	1
613	615	616	617	-125.619635	0.478011	1.673040	0.300000	1
613	615	616	618	-5.586411	0.478011	1.673040	0.300000	2
615	616	618	619	-330.307757	0.478011	1.673040	0.300000	2
617	616	618	619	-219.292467	0.478011	1.673040	0.300000	1
616	618	619	620	-133.939354	0.478011	1.673040	0.300000	1
616	618	619	621	-349.882729	0.478011	1.673040	0.300000	2
618	619	621	622	-339.776476	0.478011	1.673040	0.300000	2
620	619	621	622	-196.644727	0.478011	1.673040	0.300000	1
619	621	622	623	-138.906850	0.478011	1.673040	0.300000	1
619	621	622	624	-13.574564	0.478011	1.673040	0.300000	2
621	622	624	625	-330.218610	0.478011	1.673040	0.300000	2
623	622	624	625	-207.112818	0.478011	1.673040	0.300000	1
622	624	625	626	-133.015938	0.478011	1.673040	0.300000	1
622	624	625	627	-348.412855	0.478011	1.673040	0.300000	2
624	625	627	628	-339.754046	0.478011	1.673040	0.300000	2
626	625	627	628	-197.076541	0.478011	1.673040	0.300000	1
625	627	628	629	-134.485847	0.478011	1.673040	0.300000	1
625	627	628	630	-6.963342	0.478011	1.673040	0.300000	2
627	628	630	631	-334.010907	0.478011	1.673040	0.300000	2
629	628	630	631	-211.609453	0.478011	1.673040	0.300000	1
628	630	631	632	-134.802263	0.478011	1.673040	0.300000	1
628	630	631	633	-359.600475	0.478011	1.673040	0.300000	2
630	631	633	634	-336.075282	0.478011	1.673040	0.300000	2
632	631	633	634	-203.359648	0.478011	1.673040	0.300000	1
631	633	634	635	-134.551342	0.478011	1.673040	0.300000	1
631	633	634	636	-0.149338	0.478011	1.673040	0.300000	2
633	634	636	637	-335.678511	0.478011	1.673040	0.300000	2
635	634	636	637	-203.370002	0.478011	1.673040	0.300000	1
634	636	637	638	-134.547374	0.478011	1.673040	0.300000	1
634	636	637	639	-6.123728	0.478011	1.673040	0.300000	2
636	637	639	640	-336.177459	0.478011	1.673040	0.300000	2
638	637	639	640	-209.242965	0.478011	1.673040	0.300000	1
637	639	640	641	-122.792320	0.478011	1.673040	0.300000	1
637	639	640	642	-358.851365	0.478011	1.673040	0.300000	2
639	640	642	643	-335.538771	0.478011	1.673040	0.300000	2
641	640	642	643	-218.779125	0.478011	1.673040	0.300000	1
640	642	643	644	-125.623743	0.478011	1.673040	0.300000	1
640	642	643	645	-1.598810	0.478011	1.673040	0.300000	2
642	643	645	646	-335.279583	0.478011	1.673040	0.300000	2
644	643	645	646	-218.772219	0.478011	1.673040	0.300000	1
643	645	646	647	-125.627617	0.478011	1.673040	0.300000	1
643	645	646	648	-2.237936	0.478011	1.673040	0.300000	2
645	646	648	649	-332.225776	0.478011	1.673040	0.300000	2
647	646	648	649	-216.964021	0.478011	1.673040	0.300000	1
646	648	649	650	-132.921964	0.478011	1.673040	0.300000	1
646	648	649	651	-357.179891	0.478011	1.673040	0.300000	2
648	649	651	652	-336.961212	0.478011	1.673040	0.300000	2
650	649	651	652	-203.355594	0.478011	1.673040	0.300000	1
649	651	652	653	-134.552971	0.478011	1.673040	0.300000	1
649	651	652	654	-0.147664	0.478011	1.673040	0.300000	2
651	652	654	655	-335.676464	0.478011	1.673040	0.300000	2
653	652	654	655	-203.364636	0.478011	1.673040	0.300000	1
652	654	655	656	-134.543867	0.478011	1.673040	0.300000	1
652	654	655	657	-6.116076	0.478011	1.673040	0.300000	2
654	655	657	658	-336.180131	0.478011	1.673040	0.300000	2
656	655	657	658	-209.247234	0.478011	1.673040	0.300000	1
655	657	658	659	-122.796601	0.478011	1.673040	0.300000	1
655	657	658	660	-358.851539	0.478011	1.673040	0.300000	2
657	658	660	661	-335.541927	0.478011	1.673040	0.300000	2
659	658	660	661	-218.778474	0.478011	1.673040	0.300000	1
658	660	661	662	-125.622309	0.478011	1.673040	0.300000	1
658	660	661	663	-1.596825	0.478011	1.673040	0.300000	2
660	661	663	664	-335.285148	0.478011	1.673040	0.300000	2
662	661	663	664	-218.779698	0.478011	1.673040	0.300000	1
661	663	664	665	-125.625894	0.478011	1.673040	0.300000	1
661	663	664	666	-5.583031	0.478011	1.673040	0.300000	2
663	664	666	667	-330.305603	0.478011	1.673040	0.300000	2
665	664	666	667	-219.282465	0.478011	1.673040	0.300000	1
664	666	667	668	-133.949543	0.478011	1.673040	0.300000	1
664	666	667	669	-355.459363	0.478011	1.673040	0.300000	2
666	667	669	670	-340.166087	0.478011	1.673040	0.300000	2
668	667	669	670	-201.474578	0.478011	1.673040	0.300000	1
667	669	670	671	-128.436505	0.478011	1.673040	0.300000	1
667	669	670	672	-5.248293	0.478011	1.673040	0.300000	2
669	670	672	673	-334.240761	0.478011	1.673040	0.300000	2
671	670	672	673	-218.777638	0.478011	1.673040	0.300000	1
670	672	673	674	-125.624361	0.478011	1.673040	0.300000	1
670	672	673	675	-1.596902	0.478011	1.673040	0.300000	2
672	673	675	676	-335.288648	0.478011	1.673040	0.300000	2
674	673	675	676	-218.771572	0.478011	1.673040	0.300000	1
673	675	676	677	-125.624260	0.478011	1.673040	0.300000	1
673	675	676	678	-5.589736	0.478011	1.673040	0.300000	2
675	676	678	679	-330.305398	0.478011	1.673040	0.300000	2
677	676	678	679	-219.287330	0.478011	1.673040	0.300000	1
676	678	679	680	-133.942661	0.478011	1.673040	0.300000	1
676	678	679	681	-349.878429	0.478011	1.673040	0.300000	2
678	679	681	682	-339.775016	0.478011	1.673040	0.300000	2
680	679	681	682	-196.636773	0.478011	1.673040	0.300000	1
679	681	682	683	-138.914942	0.478011	1.673040	0.300000	1
679	681	682	684	-5.252809	0.478011	1.673040	0.300000	2
681	682	684	685	-334.582026	0.478011	1.673040	0.300000	2
683	682	684	685	-203.353562	0.478011	1.673040	0.300000	1
682	684	685	686	-134.557505	0.478011	1.673040	0.300000	1
682	684	685	687	-6.115167	0.478011	1.673040	0.300000	2
684	685	687	688	-336.185812	0.478011	1.673040	0.300000	2
686	685	687	688	-209.241210	0.478011	1.673040	0.300000	1
685	687	688	689	-122.794613	0.478011	1.673040	0.300000	1
685	687	688	690	-358.852110	0.478011	1.673040	0.300000	2
687	688	690	691	-335.541645	0.478011	1.673040	0.300000	2
689	688	690	691	-218.779029	0.478011	1.673040	0.300000	1
688	690	691	692	-125.623887	0.478011	1.673040	0.300000	1
688	690	691	693	-1.604702	0.478011	1.673040	0.300000	2
690	691	693	694	-335.286198	0.478011	1.673040	0.300000	2
692	691	693	694	-218.778441	0.478011	1.673040	0.300000	1
691	693	694	695	-125.619499	0.478011	1.673040	0.300000	1
691	693	694	696	-1.595978	0.478011	1.673040	0.300000	2
693	694	696	697	-335.279563	0.478011	1.673040	0.300000	2
695	694	696	697	-218.773076	0.478011	1.673040	0.300000	1
694	696	697	698	-125.630565	0.478011	1.673040	0.300000	1
694	696	697	699	-5.584275	0.478011	1.673040	0.300000	2
696	697	699	700	-330.311379	0.478011	1.673040	0.300000	2
698	697	699	700	-219.285709	0.478011	1.673040	0.300000	1
697	699	700	701	-133.949546	0.478011	1.673040	0.300000	1
697	699	700	702	-349.880737	0.478011	1.673040	0.300000	2
699	700	702	703	-339.780715	0.478011	1.673040	0.300000	2
701	700	702	703	-196.641811	0.478011	1.673040	0.300000	1
700	702	703	704	-138.911784	0.478011	1.673040	0.300000	1
700	702	703	705	-13.574039	0.478011	1.673040	0.300000	2
702	703	705	706	-330.221979	0.478011	1.673040	0.300000	2
704	703	705	706	-207.118556	0.478011	1.673040	0.300000	1
703	705	706	707	-133.013721	0.478011	1.673040	0.300000	1
703	705	706	708	-348.405569	0.478011	1.673040	0.300000	2
705	706	708	709	-339.749818	0.478011	1.673040	0.300000	2
707	706	708	709	-197.066107	0.478011	1.673040	0.300000	1
706	708	709	710	-134.497813	0.478011	1.673040	0.300000	1
706	708	709	711	-6.962371	0.478011	1.673040	0.300000	2
708	709	711	712	-334.011988	0.478011	1.673040	0.300000	2
710	709	711	712	-211.596793	0.478011	1.673040	0.300000	1
709	711	712	713	-134.813801	0.478011	1.673040	0.300000	1
709	711	712	714	-359.602219	0.478011	1.673040	0.300000	2
711	712	714	715	-336.087692	0.478011	1.673040	0.300000	2
713	712	714	715	-203.363172	0.478011	1.673040	0.300000	1
712	714	715	716	-134.547006	0.478011	1.673040	0.300000	1
712	714	715	717	-0.146667	0.478011	1.673040	0.300000	2
714	715	717	718	-335.670658	0.478011	1.673040	0.300000	2
716	715	717	718	-203.362979	0.478011	1.673040	0.300000	1
715	717	718	719	-134.548162	0.478011	1.673040	0.300000	1
715	717	718	720	-6.123881	0.478011	1.673040	0.300000	2
717	718	720	721	-336.190206	0.478011	1.673040	0.300000	2
719	718	720	721	-209.254761	0.478011	1.673040	0.300000	1
718	720	721	722	-122.790636	0.478011	1.673040	0.300000	1
718	720	721	723	-358.855056	0.478011	1.673040	0.300000	2
720	721	723	724	-335.527335	0.478011	1.673040	0.300000	2
722	721	723	724	-218.776061	0.478011	1.673040	0.300000	1
721	723	724	725	-125.625018	0.478011	1.673040	0.300000	1
721	723	724	726	-1.599287	0.478011	1.673040	0.300000	2
723	724	726	727	-335.287462	0.478011	1.673040	0.300000	2
725	724	726	727	-218.777675	0.478011	1.673040	0.300000	1
724	726	727	728	-125.622650	0.478011	1.673040	0.300000	1
730	729	731	732	-203.331382	0.478011	1.673040	0.300000	1
729	731	732	733	-134.599924	0.478011	1.673040	0.300000	1
729	731	732	734	-0.285465	0.478011	1.673040	0.300000	2
731	732	734	735	-335.564857	0.478011	1.673040	0.300000	2
733	732	734	735	-203.326878	0.478011	1.673040	0.300000	1
732	734	735	736	-134.608675	0.478011	1.673040	0.300000	1
732	734	735	737	-6.168094	0.478011	1.673040	0.300000	2
734	735	737	738	-336.181195	0.478011	1.673040	0.300000	2
736	735	737	738	-209.235315	0.478011	1.673040	0.300000	1
735	737	738	739	-122.798783	0.478011	1.673040	0.300000	1
735	737	738	740	-358.759349	0.478011	1.673040	0.300000	2
737	738	740	741	-335.653071	0.478011	1.673040	0.300000	2
739	738	740	741	-218.814564	0.478011	1.673040	0.300000	1
738	740	741	742	-125.567207	0.478011	1.673040	0.300000	1
738	740	741	743	-1.458632	0.478011	1.673040	0.300000	2
740	741	743	744	-335.396870	0.478011	1.673040	0.300000	2
742	741	743	744	-218.821754	0.478011	1.673040	0.300000	1
741	743	744	745	-125.554092	0.478011	1.673040	0.300000	1
741	743	744	746	-5.531070	0.478011	1.673040	0.300000	2
743	744	746	747	-330.297958	0.478011	1.673040	0.300000	2
745	744	746	747	-219.287998	0.478011	1.673040	0.300000	1
744	746	747	748	-133.943900	0.478011	1.673040	0.300000	1
744	746	747	749	-348.364894	0.478011	1.673040	0.300000	2
746	747	749	750	-340.473560	0.478011	1.673040	0.300000	2
748	747	749	750	-197.072220	0.478011	1.673040	0.300000	1
747	749	750	751	-134.487904	0.478011	1.673040	0.300000	1
747	749	750	752	-9.401566	0.478011	1.673040	0.300000	2
749	750	752	753	-335.216629	0.478011	1.673040	0.300000	2
751	750	752	753	-213.822175	0.478011	1.673040	0.300000	1
750	752	753	754	-126.629394	0.478011	1.673040	0.300000	1
750	752	753	755	-4.156851	0.478011	1.673040	0.300000	2
752	753	755	756	-331.262334	0.478011	1.673040	0.300000	2
754	753	755	756	-219.029692	0.478011	1.673040	0.300000	1
753	755	756	757	-127.159238	0.478011	1.673040	0.300000	1
753	755	756	758	-357.660646	0.478011	1.673040	0.300000	2
755	756	758	759	-336.626204	0.478011	1.673040	0.300000	2
757	756	758	759	-211.604924	0.478011	1.673040	0.300000	1
756	758	759	760	-134.806249	0.478011	1.673040	0.300000	1
756	758	759	761	-359.696727	0.478011	1.673040	0.300000	2
758	759	761	762	-335.958829	0.478011	1.673040	0.300000	2
760	759	761	762	-203.325856	0.478011	1.673040	0.300000	1
759	761	762	763	-134.608211	0.478011	1.673040	0.300000	1
759	761	762	764	-0.290085	0.478011	1.673040	0.300000	2
761	762	764	765	-335.561219	0.478011	1.673040	0.300000	2
763	762	764	765	-203.319264	0.478011	1.673040	0.300000	1
762	764	765	766	-134.616153	0.478011	1.673040	0.300000	1
762	764	765	767	-0.286191	0.478011	1.673040	0.300000	2
764	765	767	768	-335.570061	0.478011	1.673040	0.300000	2
766	765	767	768	-203.316412	0.478011	1.673040	0.300000	1
765	767	768	769	-134.613571	0.478011	1.673040	0.300000	1
765	767	768	770	-6.170452	0.478011	1.673040	0.300000	2
767	768	770	771	-336.191786	0.478011	1.673040	0.300000	2
769	768	770	771	-209.245549	0.478011	1.673040	0.300000	1
768	770	771	772	-122.793421	0.478011	1.673040	0.300000	1
768	770	771	773	-358.761226	0.478011	1.673040	0.300000	2
770	771	773	774	-335.645622	0.478011	1.673040	0.300000	2
772	771	773	774	-218.819581	0.478011	1.673040	0.300000	1
771	773	774	775	-125.560828	0.478011	1.673040	0.300000	1
771	773	774	776	-2.938619	0.478011	1.673040	0.300000	2
773	774	776	777	-331.655100	0.478011	1.673040	0.300000	2
775	774	776	777	-219.038271	0.478011	1.673040	0.300000	1
774	776	777	778	-127.161198	0.478011	1.673040	0.300000	1
774	776	777	779	-357.662835	0.478011	1.673040	0.300000	2
776	777	779	780	-336.626038	0.478011	1.673040	0.300000	2
778	777	779	780	-211.604108	0.478011	1.673040	0.300000	1
777	779	780	781	-134.806415	0.478011	1.673040	0.300000	1
777	779	780	782	-359.704677	0.478011	1.673040	0.300000	2
779	780	782	783	-335.956826	0.478011	1.673040	0.300000	2
781	780	782	783	-203.330101	0.478011	1.673040	0.300000	1
780	782	783	784	-134.601470	0.478011	1.673040	0.300000	1
780	782	783	785	-0.292675	0.478011	1.673040	0.300000	2
782	783	785	786	-335.565821	0.478011	1.673040	0.300000	2
784	783	785	786	-203.333905	0.478011	1.673040	0.300000	1
783	785	786	787	-134.598402	0.478011	1.673040	0.300000	1
783	785	786	788	-6.698158	0.478011	1.673040	0.300000	2
785	786	788	789	-332.884805	0.478011	1.673040	0.300000	2
787	786	788	789	-207.866462	0.478011	1.673040	0.300000	1
786	788	789	790	-125.204742	0.478011	1.673040	0.300000	1
786	788	789	791	-356.299823	0.478011	1.673040	0.300000	2
788	789	791	792	-336.378148	0.478011	1.673040	0.300000	2
790	789	791	792	-211.607045	0.478011	1.673040	0.300000	1
789	791	792	793	-134.803235	0.478011	1.673040	0.300000	1
789	791	792	794	-359.698353	0.478011	1.673040	0.300000	2
791	792	794	795	-335.958681	0.478011	1.673040	0.300000	2
793	792	794	795	-203.326908	0.478011	1.673040	0.300000	1
792	794	795	796	-134.607891	0.478011	1.673040	0.300000	1
792	794	795	797	-0.294303	0.478011	1.673040	0.300000	2
794	795	797	798	-335.561832	0.478011	1.673040	0.300000	2
796	795	797	798	-203.328015	0.478011	1.673040	0.300000	1
795	797	798	799	-134.605316	0.478011	1.673040	0.300000	1
795	797	798	800	-6.171421	0.478011	1.673040	0.300000	2
797	798	800	801	-336.186962	0.478011	1.673040	0.300000	2
799	798	800	801	-209.250744	0.478011	1.673040	0.300000	1
798	800	801	802	-122.795538	0.478011	1.673040	0.300000	1
798	800	801	803	-358.750805	0.478011	1.673040	0.300000	2
800	801	803	804	-335.647553	0.478011	1.673040	0.300000	2
802	801	803	804	-218.810956	0.478011	1.673040	0.300000	1
801	803	804	805	-125.570807	0.478011	1.673040	0.300000	1
801	803	804	806	-1.458370	0.478011	1.673040	0.300000	2
803	804	806	807	-335.394012	0.478011	1.673040	0.300000	2
805	804	806	807	-218.816808	0.478011	1.673040	0.300000	1
804	806	807	808	-125.560509	0.478011	1.673040	0.300000	1
804	806	807	809	-2.182677	0.478011	1.673040	0.300000	2
806	807	809	810	-332.211094	0.478011	1.673040	0.300000	2
808	807	809	810	-216.959551	0.478011	1.673040	0.300000	1
807	809	810	811	-132.918490	0.478011	1.673040	0.300000	1
807	809	810	812	-357.274977	0.478011	1.673040	0.300000	2
809	810	812	813	-336.841816	0.478011	1.673040	0.300000	2
811	810	812	813	-203.323143	0.478011	1.673040	0.300000	1
810	812	813	814	-134.609617	0.478011	1.673040	0.300000	1
810	812	813	815	-0.282026	0.478011	1.673040	0.300000	2
812	813	815	816	-335.571217	0.478011	1.673040	0.300000	2
814	813	815	816	-203.319940	0.478011	1.673040	0.300000	1
813	815	816	817	-134.610366	0.478011	1.673040	0.300000	1
813	815	816	818	-6.169923	0.478011	1.673040	0.300000	2
815	816	818	819	-336.192393	0.478011	1.673040	0.300000	2
817	816	818	819	-209.246678	0.478011	1.673040	0.300000	1
816	818	819	820	-122.794398	0.478011	1.673040	0.300000	1
816	818	819	821	-358.760501	0.478011	1.673040	0.300000	2
818	819	821	822	-335.641718	0.478011	1.673040	0.300000	2
820	819	821	822	-218.810798	0.478011	1.673040	0.300000	1
819	821	822	823	-125.566278	0.478011	1.673040	0.300000	1
819	821	822	824	-1.445681	0.478011	1.673040	0.300000	2
821	822	824	825	-335.396374	0.478011	1.673040	0.300000	2
823	822	824	825	-218.809274	0.478011	1.673040	0.300000	1
822	824	825	826	-125.567512	0.478011	1.673040	0.300000	1
822	824	825	827	-5.534755	0.478011	1.673040	0.300000	2
824	825	827	828	-330.307177	0.478011	1.673040	0.300000	2
826	825	827	828	-219.286169	0.478011	1.673040	0.300000	1
825	827	828	829	-133.945474	0.478011	1.673040	0.300000	1
825	827	828	830	-348.362372	0.478011	1.673040	0.300000	2
827	828	830	831	-340.474363	0.478011	1.673040	0.300000	2
829	828	830	831	-197.068759	0.478011	1.673040	0.300000	1
828	830	831	832	-134.494036	0.478011	1.673040	0.300000	1
828	830	831	833	-9.402673	0.478011	1.673040	0.300000	2
830	831	833	834	-335.211493	0.478011	1.673040	0.300000	2
832	831	833	834	-213.814825	0.478011	1.673040	0.300000	1
831	833	834	835	-126.633514	0.478011	1.673040	0.300000	1
831	833	834	836	-4.147319	0.478011	1.673040	0.300000	2
833	834	836	837	-331.273356	0.478011	1.673040	0.300000	2
835	834	836	837	-219.029880	0.478011	1.673040	0.300000	1
834	836	837	838	-127.166793	0.478011	1.673040	0.300000	1
834	836	837	839	-357.665262	0.478011	1.673040	0.300000	2
836	837	839	840	-336.630898	0.478011	1.673040	0.300000	2
838	837	839	840	-211.608869	0.478011	1.673040	0.300000	1
837	839	840	841	-134.802588	0.478011	1.673040	0.300000	1
837	839	840	842	-359.701231	0.478011	1.673040	0.300000	2
839	840	842	843	-335.953842	0.478011	1.673040	0.300000	2
841	840	842	843	-203.329884	0.478011	1.673040	0.300000	1
840	842	843	844	-134.603313	0.478011	1.673040	0.300000	1
840	842	843	845	-0.299786	0.478011	1.673040	0.300000	2
842	843	845	846	-335.563890	0.478011	1.673040	0.300000	2
844	843	845	846	-203.337300	0.478011	1.673040	0.300000	1
843	845	846	847	-134.593892	0.478011	1.673040	0.300000	1
843	845	846	848	-0.289473	0.478011	1.673040	0.300000	2
845	846	848	849	-335.558349	0.478011	1.673040	0.300000	2
847	846	848	849	-203.331443	0.478011	1.673040	0.300000	1
846	848	849	850	-134.601831	0.478011	1.673040	0.300000	1
846	848	849	851	-6.165774	0.478011	1.673040	0.300000	2
848	849	851	852	-336.187705	0.478011	1.673040	0.300000	2
850	849	851	852	-209.243798	0.478011	1.673040	0.300000	1
849	851	852	853	-122.794754	0.478011	1.673040	0.300000	1
849	851	852	854	-358.763626	0.478011	1.673040	0.300000	2
851	852	854	855	-335.644099	0.478011	1.673040	0.300000	2
853	852	854	855	-218.815063	0.478011	1.673040	0.300000	1
852	854	855	856	-125.564986	0.478011	1.673040	0.300000	1
852	854	855	857	-2.936040	0.478011	1.673040	0.300000	2
854	855	857	858	-331.651845	0.478011	1.673040	0.300000	2
856	855	857	858	-219.027614	0.478011	1.673040	0.300000	1
855	857	858	859	-127.165595	0.478011	1.673040	0.300000	1
855	857	858	860	-357.664244	0.478011	1.673040	0.300000	2
857	858	860	861	-336.629867	0.478011	1.673040	0.300000	2
859	858	860	861	-211.603739	0.478011	1.673040	0.300000	1
858	860	861	862	-134.807429	0.478011	1.673040	0.300000	1
858	860	861	863	-359.706547	0.478011	1.673040	0.300000	2
860	861	863	864	-335.958287	0.478011	1.673040	0.300000	2
862	861	863	864	-203.329591	0.478011	1.673040	0.300000	1
861	863	864	865	-134.600083	0.478011	1.673040	0.300000	1
861	863	864	866	-0.302134	0.478011	1.673040	0.300000	2
863	864	866	867	-335.556165	0.478011	1.673040	0.300000	2
865	864	866	867	-203.334668	0.478011	1.673040	0.300000	1
864	866	867	868	-134.599487	0.478011	1.673040	0.300000	1
864	866	867	869	-6.687810	0.478011	1.673040	0.300000	2
866	867	869	870	-332.887187	0.478011	1.673040	0.300000	2
868	867	869	870	-207.859460	0.478011	1.673040	0.300000	1
867	869	870	871	-125.210759	0.478011	1.673040	0.300000	1
867	869	870	872	-356.297704	0.478011	1.673040	0.300000	2
869	870	872	873	-336.391478	0.478011	1.673040	0.300000	2
871	870	872	873	-211.614157	0.478011	1.673040	0.300000	1
870	872	873	874	-134.802334	0.478011	1.673040	0.300000	1
870	872	873	875	-359.704947	0.478011	1.673040	0.300000	2
872	873	875	876	-335.946865	0.478011	1.673040	0.300000	2
874	873	875	876	-203.327732	0.478011	1.673040	0.300000	1
873	875	876	877	-134.608769	0.478011	1.673040	0.300000	1
873	875	876	878	-0.289969	0.478011	1.673040	0.300000	2
875	876	878	879	-335.564098	0.478011	1.673040	0.300000	2
877	876	878	879	-203.328215	0.478011	1.673040	0.300000	1
876	878	879	880	-134.606174	0.478011	1.673040	0.300000	1
876	878	879	881	-6.167546	0.478011	1.673040	0.300000	2
878	879	881	882	-336.190645	0.478011	1.673040	0.300000	2
880	879	881	882	-209.249018	0.478011	1.673040	0.300000	1
879	881	882	883	-122.790512	0.478011	1.673040	0.300000	1
879	881	882	884	-358.764294	0.478011	1.673040	0.300000	2
881	882	884	885	-335.642594	0.478011	1.673040	0.300000	2
883	882	884	885	-218.819300	0.478011	1.673040	0.300000	1
882	884	885	886	-125.561436	0.478011	1.673040	0.300000	1
882	884	885	887	-1.452187	0.478011	1.673040	0.300000	2
884	885	887	888	-335.393480	0.478011	1.673040	0.300000	2
886	885	887	888	-218.820174	0.478011	1.673040	0.300000	1
885	887	888	889	-125.559909	0.478011	1.673040	0.300000	1
