0.839477E+00  0.877743E+00  0.574228E+00
0.937289E+00  0.832808E+00  0.128733E+00
0.957784E+00  0.787425E+00  0.247626E+00
0.975863E+00  0.752419E+00  0.203863E+00
0.674794E+00  0.942934E+00  0.657798E+00
0.956183E+00  0.791729E+00  0.237100E+00
0.966898E+00  0.777267E+00  0.159117E+00
0.937239E+00  0.809261E+00  0.342555E+00
0.921287E+00  0.852423E+00  0.127282E+00
0.777337E+00  0.924703E+00  0.545743E+00
0.784304E+00  0.936113E+00  0.459918E+00
0.983039E+00  0.747093E+00  0.137667E-02
0.815739E+00  0.915572E+00  0.458737E+00
0.809499E+00  0.937816E+00  0.333302E+00
0.965914E+00  0.762021E+00  0.252445E+00
0.943312E+00  0.794870E+00  0.380930E+00
0.924437E+00  0.819165E+00  0.402452E+00
0.853591E+00  0.905143E+00  0.341284E+00
0.834249E+00  0.919286E+00  0.344424E+00
0.766891E+00  0.929200E+00  0.548487E+00
