2	1	3	113.878960	109.942639
1	3	4	94.784734	109.942639
3	4	5	108.833652	109.942639
3	4	6	120.690641	71.701721
5	4	6	113.879764	109.942639
4	6	7	94.782944	109.942639
6	7	8	108.825606	109.942639
6	7	9	117.431559	71.701721
8	7	9	111.930959	88.432122
7	9	10	95.234334	88.432122
9	10	11	99.443733	88.432122
9	10	12	119.314134	71.701721
11	10	12	113.574672	109.942639
10	12	13	95.152838	109.942639
12	13	14	98.267870	109.942639
12	13	15	121.093713	71.701721
14	13	15	113.572810	109.942639
13	15	16	95.146041	109.942639
15	16	17	98.267737	109.942639
15	16	18	113.463649	71.701721
17	16	18	113.398743	49.235182
16	18	19	93.995131	49.235182
18	19	20	111.727384	49.235182
18	19	21	124.728694	71.701721
20	19	21	111.146339	105.640535
19	21	22	97.638773	105.640535
21	22	23	98.577681	105.640535
21	22	24	119.171788	71.701721
23	22	24	113.572099	109.942639
22	24	25	95.148162	109.942639
24	25	26	98.267326	109.942639
24	25	27	121.090654	71.701721
26	25	27	113.577212	109.942639
25	27	28	95.153755	109.942639
27	28	29	98.265873	109.942639
27	28	30	113.477054	71.701721
29	28	30	113.400234	49.235182
28	30	31	93.995402	49.235182
30	31	32	111.734137	49.235182
30	31	33	123.935467	71.701721
32	31	33	114.661623	91.539197
31	33	34	94.970075	91.539197
33	34	35	108.068587	91.539197
33	34	36	120.815169	71.701721
35	34	36	113.875915	109.942639
34	36	37	94.784479	109.942639
36	37	38	108.824721	109.942639
36	37	39	117.428729	71.701721
38	37	39	111.934842	88.432122
37	39	40	95.227673	88.432122
39	40	41	99.441087	88.432122
39	40	42	119.309573	71.701721
41	40	42	113.569787	109.942639
40	42	43	95.150535	109.942639
42	43	44	98.268290	109.942639
42	43	45	121.092948	71.701721
44	43	45	113.576784	109.942639
43	45	46	95.152702	109.942639
45	46	47	98.262873	109.942639
45	46	48	121.088837	71.701721
47	46	48	113.576255	109.942639
46	48	49	95.146785	109.942639
48	49	50	98.265552	109.942639
48	49	51	113.470502	71.701721
50	49	51	113.394983	49.235182
49	51	52	93.995933	49.235182
51	52	53	111.733016	49.235182
51	52	54	123.936832	71.701721
53	52	54	114.659266	91.539197
52	54	55	94.977305	91.539197
54	55	56	108.064470	91.539197
54	55	57	113.819354	71.701721
56	55	57	112.194387	85.564054
55	57	58	95.313117	85.564054
57	58	59	112.794624	85.564054
57	58	60	118.661918	71.701721
59	58	60	118.267177	80.305927
58	60	61	92.664240	80.305927
60	61	62	103.135328	80.305927
60	61	63	119.545282	71.701721
62	61	63	113.825279	49.235182
61	63	64	95.105543	49.235182
63	64	65	107.534855	49.235182
63	64	66	122.876769	71.701721
65	64	66	113.872636	109.942639
64	66	67	94.784502	109.942639
66	67	68	108.825588	109.942639
66	67	69	120.689914	71.701721
68	67	69	113.879014	109.942639
67	69	70	94.785034	109.942639
69	70	71	108.828057	109.942639
69	70	72	117.434251	71.701721
71	70	72	111.923918	88.432122
70	72	73	95.239147	88.432122
72	73	74	99.440350	88.432122
72	73	75	119.313088	71.701721
74	73	75	113.575194	109.942639
73	75	76	95.152986	109.942639
75	76	77	98.263878	109.942639
75	76	78	121.094590	71.701721
77	76	78	113.574957	109.942639
76	78	79	95.152987	109.942639
78	79	80	98.268796	109.942639
78	79	81	119.011679	71.701721
80	79	81	113.986573	28.680688
79	81	82	94.885264	28.680688
81	82	83	108.414002	28.680688
81	82	84	122.381187	71.701721
83	82	84	113.872323	109.942639
82	84	85	94.788345	109.942639
84	85	86	108.827362	109.942639
84	85	87	120.688336	71.701721
86	85	87	113.880862	109.942639
85	87	88	94.776382	109.942639
87	88	89	108.828420	109.942639
87	88	90	117.419679	71.701721
89	88	90	111.935375	88.432122
88	90	91	95.225711	88.432122
90	91	92	99.444512	88.432122
90	91	93	119.306692	71.701721
92	91	93	113.578717	109.942639
91	93	94	95.147689	109.942639
93	94	95	98.264284	109.942639
93	94	96	121.087847	71.701721
95	94	96	113.578132	109.942639
94	96	97	95.146910	109.942639
96	97	98	98.266073	109.942639
96	97	99	113.475812	71.701721
98	97	99	113.401069	49.235182
97	99	100	93.999800	49.235182
99	100	101	111.729946	49.235182
99	100	102	124.728903	71.701721
101	100	102	111.148600	105.640535
100	102	103	97.634777	105.640535
102	103	104	98.577374	105.640535
102	103	105	119.170862	71.701721
104	103	105	113.573431	109.942639
103	105	106	95.150199	109.942639
105	106	107	98.273209	109.942639
105	106	108	121.094856	71.701721
107	106	108	113.570869	109.942639
106	108	109	95.147278	109.942639
108	109	110	98.268524	109.942639
108	109	111	113.468701	71.701721
110	109	111	113.395252	49.235182
109	111	112	93.994567	49.235182
111	112	113	111.734779	49.235182
111	112	114	123.932797	71.701721
113	112	114	114.664792	91.539197
112	114	115	94.975671	91.539197
114	115	116	108.067761	91.539197
114	115	117	120.828442	71.701721
116	115	117	113.871250	109.942639
115	117	118	94.793851	109.942639
117	118	119	108.825227	109.942639
117	118	120	117.433534	71.701721
119	118	120	111.939483	88.432122
118	120	121	95.225480	88.432122
120	121	122	99.445011	88.432122
120	121	123	119.307781	71.701721
122	121	123	113.575927	109.942639
121	123	124	95.148685	109.942639
123	124	125	98.270598	109.942639
123	124	126	121.091115	71.701721
125	124	126	113.567851	109.942639
124	126	127	95.157833	109.942639
126	127	128	98.262488	109.942639
126	127	129	121.097825	71.701721
128	127	129	113.573311	109.942639
127	129	130	95.151517	109.942639
129	130	131	98.268267	109.942639
129	130	132	113.472372	71.701721
131	130	132	113.404138	49.235182
130	132	133	94.001939	49.235182
132	133	134	111.725019	49.235182
132	133	135	123.941746	71.701721
134	133	135	114.668152	91.539197
133	135	136	94.973056	91.539197
135	136	137	108.060500	91.539197
135	136	138	113.812831	71.701721
137	136	138	112.204482	85.564054
136	138	139	95.302163	85.564054
138	139	140	112.800406	85.564054
138	139	141	118.656046	71.701721
140	139	141	118.269821	80.305927
139	141	142	92.665487	80.305927
141	142	143	103.136689	80.305927
141	142	144	119.554869	71.701721
143	142	144	113.828749	49.235182
142	144	145	95.110684	49.235182
144	145	146	107.536189	49.235182
144	145	147	122.877246	71.701721
146	145	147	113.877338	109.942639
145	147	148	94.780583	109.942639
147	148	149	108.828611	109.942639
147	148	150	120.684497	71.701721
149	148	150	113.879362	109.942639
148	150	151	94.774133	109.942639
150	151	152	108.833224	109.942639
150	151	153	117.422898	71.701721
152	151	153	111.927771	88.432122
151	153	154	95.235572	88.432122
153	154	155	99.433464	88.432122
153	154	156	119.315936	71.701721
155	154	156	113.573955	109.942639
154	156	157	95.159335	109.942639
156	157	158	98.263629	109.942639
156	157	159	121.099940	71.701721
158	157	159	113.573338	109.942639
157	159	160	95.150506	109.942639
159	160	161	98.269491	109.942639
163	162	164	113.827277	109.942639
162	164	165	94.826694	109.942639
164	165	166	108.826944	109.942639
164	165	167	120.676293	71.701721
166	165	167	113.831463	109.942639
165	167	168	94.833250	109.942639
167	168	169	108.820188	109.942639
167	168	170	117.453836	71.701721
169	168	170	111.929370	88.432122
168	170	171	95.236324	88.432122
170	171	172	99.446813	88.432122
170	171	173	119.333977	71.701721
172	171	173	113.638443	109.942639
171	173	174	95.093701	109.942639
173	174	175	98.277469	109.942639
173	174	176	121.092264	71.701721
175	174	176	113.631469	109.942639
174	176	177	95.092374	109.942639
176	177	178	98.274126	109.942639
176	177	179	113.450933	71.701721
178	177	179	113.388966	49.235182
177	179	180	94.000403	49.235182
179	180	181	111.730304	49.235182
179	180	182	120.397532	71.701721
181	180	182	118.268861	80.305927
180	182	183	92.663878	80.305927
182	183	184	103.139044	80.305927
182	183	185	121.501559	71.701721
184	183	185	111.007546	85.564054
183	185	186	97.476181	85.564054
185	186	187	97.807999	85.564054
185	186	188	114.158655	71.701721
187	186	188	115.450421	91.539197
186	188	189	93.068562	91.539197
188	189	190	103.856218	91.539197
188	189	191	121.234684	71.701721
190	189	191	113.819205	49.235182
189	191	192	95.107872	49.235182
191	192	193	107.535295	49.235182
191	192	194	122.846994	71.701721
193	192	194	113.835503	109.942639
192	194	195	94.822267	109.942639
194	195	196	108.828190	109.942639
194	195	197	120.677065	71.701721
196	195	197	113.832356	109.942639
195	197	198	94.833568	109.942639
197	198	199	108.826741	109.942639
197	198	200	120.688367	71.701721
199	198	200	113.833366	109.942639
198	200	201	94.834676	109.942639
200	201	202	108.821245	109.942639
200	201	203	117.446966	71.701721
202	201	203	111.934599	88.432122
201	203	204	95.232101	88.432122
203	204	205	99.438357	88.432122
203	204	206	119.332968	71.701721
205	204	206	113.638467	109.942639
204	206	207	95.092318	109.942639
206	207	208	98.275155	109.942639
206	207	209	113.834187	71.701721
208	207	209	115.456675	91.539197
207	209	210	93.060546	91.539197
209	210	211	103.857549	91.539197
209	210	212	121.234046	71.701721
211	210	212	113.818489	49.235182
210	212	213	95.110698	49.235182
212	213	214	107.533055	49.235182
212	213	215	122.851669	71.701721
214	213	215	113.829230	109.942639
213	215	216	94.828992	109.942639
215	216	217	108.823430	109.942639
215	216	218	120.678913	71.701721
217	216	218	113.828695	109.942639
216	218	219	94.826420	109.942639
218	219	220	108.822163	109.942639
218	219	221	112.882575	71.701721
220	219	221	114.219202	105.640535
219	221	222	94.464887	105.640535
221	222	223	105.059734	105.640535
221	222	224	119.064013	71.701721
223	222	224	113.820556	49.235182
222	224	225	95.111504	49.235182
224	225	226	107.535573	49.235182
224	225	227	122.854032	71.701721
226	225	227	113.827656	109.942639
225	227	228	94.835846	109.942639
227	228	229	108.818289	109.942639
227	228	230	120.685069	71.701721
229	228	230	113.831413	109.942639
228	230	231	94.833467	109.942639
230	231	232	108.818086	109.942639
230	231	233	117.443132	71.701721
232	231	233	111.932453	88.432122
231	233	234	95.233396	88.432122
233	234	235	99.438376	88.432122
233	234	236	119.338698	71.701721
235	234	236	113.645622	109.942639
234	236	237	95.100545	109.942639
236	237	238	98.273168	109.942639
236	237	239	121.100131	71.701721
238	237	239	113.633631	109.942639
237	239	240	95.093964	109.942639
239	240	241	98.276740	109.942639
239	240	242	118.988192	71.701721
241	240	242	113.982448	28.680688
240	242	243	94.880417	28.680688
242	243	244	108.419407	28.680688
242	243	245	122.341757	71.701721
244	243	245	113.835039	109.942639
243	245	246	94.820457	109.942639
245	246	247	108.832661	109.942639
245	246	248	120.673354	71.701721
247	246	248	113.837569	109.942639
246	248	249	94.823132	109.942639
248	249	250	108.824516	109.942639
248	249	251	117.442752	71.701721
250	249	251	111.933069	88.432122
249	251	252	95.231524	88.432122
251	252	253	99.442621	88.432122
251	252	254	119.333178	71.701721
253	252	254	113.637075	109.942639
252	254	255	95.094701	109.942639
254	255	256	98.278928	109.942639
254	255	257	121.098719	71.701721
256	255	257	113.636863	109.942639
255	257	258	95.097880	109.942639
257	258	259	98.278263	109.942639
257	258	260	113.455612	71.701721
259	258	260	113.393551	49.235182
258	260	261	93.998088	49.235182
260	261	262	111.731901	49.235182
260	261	263	120.396476	71.701721
262	261	263	118.270486	80.305927
261	263	264	92.667175	80.305927
263	264	265	103.135024	80.305927
263	264	266	121.507507	71.701721
265	264	266	111.010776	85.564054
264	266	267	97.474507	85.564054
266	267	268	97.813488	85.564054
266	267	269	114.153709	71.701721
268	267	269	115.460953	91.539197
267	269	270	93.062344	91.539197
269	270	271	103.856044	91.539197
269	270	272	121.231159	71.701721
271	270	272	113.823406	49.235182
270	272	273	95.105183	49.235182
272	273	274	107.531095	49.235182
272	273	275	122.848360	71.701721
274	273	275	113.832728	109.942639
273	275	276	94.825449	109.942639
275	276	277	108.823184	109.942639
275	276	278	120.675509	71.701721
277	276	278	113.827809	109.942639
276	278	279	94.828353	109.942639
278	279	280	108.821874	109.942639
278	279	281	120.677338	71.701721
280	279	281	113.828118	109.942639
279	281	282	94.829197	109.942639
281	282	283	108.823841	109.942639
281	282	284	117.448036	71.701721
283	282	284	111.927228	88.432122
282	284	285	95.236068	88.432122
284	285	286	99.442103	88.432122
284	285	287	119.334190	71.701721
286	285	287	113.634783	109.942639
285	287	288	95.096161	109.942639
287	288	289	98.276212	109.942639
287	288	290	113.839996	71.701721
289	288	290	115.459579	91.539197
288	290	291	93.064856	91.539197
290	291	292	103.859215	91.539197
290	291	293	121.235949	71.701721
292	291	293	113.818335	49.235182
291	293	294	95.111129	49.235182
293	294	295	107.534588	49.235182
293	294	296	122.856482	71.701721
295	294	296	113.824274	109.942639
294	296	297	94.832722	109.942639
296	297	298	108.820457	109.942639
296	297	299	120.679130	71.701721
298	297	299	113.823841	109.942639
297	299	300	94.831992	109.942639
299	300	301	108.824908	109.942639
299	300	302	112.882083	71.701721
301	300	302	114.226453	105.640535
300	302	303	94.462422	105.640535
302	303	304	105.062328	105.640535
302	303	305	119.059507	71.701721
304	303	305	113.827234	49.235182
303	305	306	95.106796	49.235182
305	306	307	107.526233	49.235182
305	306	308	122.853812	71.701721
307	306	308	113.830284	109.942639
306	308	309	94.835181	109.942639
308	309	310	108.816396	109.942639
308	309	311	120.683439	71.701721
310	309	311	113.837228	109.942639
309	311	312	94.830641	109.942639
311	312	313	108.819846	109.942639
311	312	314	117.445584	71.701721
313	312	314	111.933172	88.432122
312	314	315	95.233000	88.432122
314	315	316	99.439693	88.432122
314	315	317	119.333123	71.701721
316	315	317	113.632925	109.942639
315	317	318	95.096564	109.942639
317	318	319	98.274082	109.942639
317	318	320	121.093773	71.701721
319	318	320	113.633456	109.942639
318	320	321	95.095082	109.942639
320	321	322	98.271748	109.942639
