2	1	3	4	-203.354820	0.478011	1.673040	0.300000	1
1	3	4	5	-134.556054	0.478011	1.673040	0.300000	1
1	3	4	6	-0.142708	0.478011	1.673040	0.300000	2
3	4	6	7	-335.680576	0.478011	1.673040	0.300000	2
5	4	6	7	-203.357209	0.478011	1.673040	0.300000	1
4	6	7	8	-134.552588	0.478011	1.673040	0.300000	1
4	6	7	9	-6.123584	0.478011	1.673040	0.300000	2
6	7	9	10	-336.180639	0.478011	1.673040	0.300000	2
8	7	9	10	-209.245373	0.478011	1.673040	0.300000	1
7	9	10	11	-122.796888	0.478011	1.673040	0.300000	1
7	9	10	12	-358.853329	0.478011	1.673040	0.300000	2
9	10	12	13	-335.537791	0.478011	1.673040	0.300000	2
11	10	12	13	-218.773103	0.478011	1.673040	0.300000	1
10	12	13	14	-125.624593	0.478011	1.673040	0.300000	1
10	12	13	15	-1.599675	0.478011	1.673040	0.300000	2
12	13	15	16	-335.286513	0.478011	1.673040	0.300000	2
14	13	15	16	-218.776129	0.478011	1.673040	0.300000	1
13	15	16	17	-125.623624	0.478011	1.673040	0.300000	1
13	15	16	18	-5.587600	0.478011	1.673040	0.300000	2
15	16	18	19	-330.306606	0.478011	1.673040	0.300000	2
17	16	18	19	-219.290509	0.478011	1.673040	0.300000	1
16	18	19	20	-133.941293	0.478011	1.673040	0.300000	1
16	18	19	21	-355.459403	0.478011	1.673040	0.300000	2
18	19	21	22	-340.160558	0.478011	1.673040	0.300000	2
20	19	21	22	-201.477410	0.478011	1.673040	0.300000	1
19	21	22	23	-128.435370	0.478011	1.673040	0.300000	1
19	21	22	24	-5.248108	0.478011	1.673040	0.300000	2
21	22	24	25	-334.241625	0.478011	1.673040	0.300000	2
23	22	24	25	-218.778489	0.478011	1.673040	0.300000	1
22	24	25	26	-125.621437	0.478011	1.673040	0.300000	1
22	24	25	27	-1.593007	0.478011	1.673040	0.300000	2
24	25	27	28	-335.282854	0.478011	1.673040	0.300000	2
26	25	27	28	-218.771725	0.478011	1.673040	0.300000	1
25	27	28	29	-125.629352	0.478011	1.673040	0.300000	1
25	27	28	30	-5.587062	0.478011	1.673040	0.300000	2
27	28	30	31	-330.310468	0.478011	1.673040	0.300000	2
29	28	30	31	-219.287327	0.478011	1.673040	0.300000	1
28	30	31	32	-133.945412	0.478011	1.673040	0.300000	1
28	30	31	33	-349.884343	0.478011	1.673040	0.300000	2
30	31	33	34	-339.779027	0.478011	1.673040	0.300000	2
32	31	33	34	-196.643158	0.478011	1.673040	0.300000	1
31	33	34	35	-138.905798	0.478011	1.673040	0.300000	1
31	33	34	36	-5.249047	0.478011	1.673040	0.300000	2
33	34	36	37	-334.581541	0.478011	1.673040	0.300000	2
35	34	36	37	-203.360987	0.478011	1.673040	0.300000	1
34	36	37	38	-134.552672	0.478011	1.673040	0.300000	1
34	36	37	39	-6.121418	0.478011	1.673040	0.300000	2
36	37	39	40	-336.188267	0.478011	1.673040	0.300000	2
38	37	39	40	-209.253107	0.478011	1.673040	0.300000	1
37	39	40	41	-122.786061	0.478011	1.673040	0.300000	1
37	39	40	42	-358.853501	0.478011	1.673040	0.300000	2
39	40	42	43	-335.528439	0.478011	1.673040	0.300000	2
41	40	42	43	-218.775074	0.478011	1.673040	0.300000	1
40	42	43	44	-125.623709	0.478011	1.673040	0.300000	1
40	42	43	45	-1.593705	0.478011	1.673040	0.300000	2
42	43	45	46	-335.290309	0.478011	1.673040	0.300000	2
44	43	45	46	-218.776395	0.478011	1.673040	0.300000	1
43	45	46	47	-125.625602	0.478011	1.673040	0.300000	1
43	45	46	48	-1.603154	0.478011	1.673040	0.300000	2
45	46	48	49	-335.284849	0.478011	1.673040	0.300000	2
47	46	48	49	-218.782279	0.478011	1.673040	0.300000	1
46	48	49	50	-125.619635	0.478011	1.673040	0.300000	1
46	48	49	51	-5.586411	0.478011	1.673040	0.300000	2
48	49	51	52	-330.307757	0.478011	1.673040	0.300000	2
50	49	51	52	-219.292467	0.478011	1.673040	0.300000	1
49	51	52	53	-133.939354	0.478011	1.673040	0.300000	1
49	51	52	54	-349.882729	0.478011	1.673040	0.300000	2
51	52	54	55	-339.776476	0.478011	1.673040	0.300000	2
53	52	54	55	-196.644727	0.478011	1.673040	0.300000	1
52	54	55	56	-138.906850	0.478011	1.673040	0.300000	1
52	54	55	57	-13.574564	0.478011	1.673040	0.300000	2
54	55	57	58	-330.218610	0.478011	1.673040	0.300000	2
56	55	57	58	-207.112818	0.478011	1.673040	0.300000	1
55	57	58	59	-133.015938	0.478011	1.673040	0.300000	1
55	57	58	60	-348.412855	0.478011	1.673040	0.300000	2
57	58	60	61	-339.754046	0.478011	1.673040	0.300000	2
59	58	60	61	-197.076541	0.478011	1.673040	0.300000	1
58	60	61	62	-134.485847	0.478011	1.673040	0.300000	1
58	60	61	63	-6.963342	0.478011	1.673040	0.300000	2
60	61	63	64	-334.010907	0.478011	1.673040	0.300000	2
62	61	63	64	-211.609453	0.478011	1.673040	0.300000	1
61	63	64	65	-134.802263	0.478011	1.673040	0.300000	1
61	63	64	66	-359.600475	0.478011	1.673040	0.300000	2
63	64	66	67	-336.075282	0.478011	1.673040	0.300000	2
65	64	66	67	-203.359648	0.478011	1.673040	0.300000	1
64	66	67	68	-134.551342	0.478011	1.673040	0.300000	1
64	66	67	69	-0.149338	0.478011	1.673040	0.300000	2
66	67	69	70	-335.678511	0.478011	1.673040	0.300000	2
68	67	69	70	-203.370002	0.478011	1.673040	0.300000	1
67	69	70	71	-134.547374	0.478011	1.673040	0.300000	1
67	69	70	72	-6.123728	0.478011	1.673040	0.300000	2
69	70	72	73	-336.177459	0.478011	1.673040	0.300000	2
71	70	72	73	-209.242965	0.478011	1.673040	0.300000	1
70	72	73	74	-122.792320	0.478011	1.673040	0.300000	1
70	72	73	75	-358.851365	0.478011	1.673040	0.300000	2
72	73	75	76	-335.538771	0.478011	1.673040	0.300000	2
74	73	75	76	-218.779125	0.478011	1.673040	0.300000	1
73	75	76	77	-125.623743	0.478011	1.673040	0.300000	1
73	75	76	78	-1.598810	0.478011	1.673040	0.300000	2
75	76	78	79	-335.279583	0.478011	1.673040	0.300000	2
77	76	78	79	-218.772219	0.478011	1.673040	0.300000	1
76	78	79	80	-125.627617	0.478011	1.673040	0.300000	1
76	78	79	81	-2.237936	0.478011	1.673040	0.300000	2
78	79	81	82	-332.225776	0.478011	1.673040	0.300000	2
80	79	81	82	-216.964021	0.478011	1.673040	0.300000	1
79	81	82	83	-132.921964	0.478011	1.673040	0.300000	1
79	81	82	84	-357.179891	0.478011	1.673040	0.300000	2
81	82	84	85	-336.961212	0.478011	1.673040	0.300000	2
83	82	84	85	-203.355594	0.478011	1.673040	0.300000	1
82	84	85	86	-134.552971	0.478011	1.673040	0.300000	1
82	84	85	87	-0.147664	0.478011	1.673040	0.300000	2
84	85	87	88	-335.676464	0.478011	1.673040	0.300000	2
86	85	87	88	-203.364636	0.478011	1.673040	0.300000	1
85	87	88	89	-134.543867	0.478011	1.673040	0.300000	1
85	87	88	90	-6.116076	0.478011	1.673040	0.300000	2
87	88	90	91	-336.180131	0.478011	1.673040	0.300000	2
89	88	90	91	-209.247234	0.478011	1.673040	0.300000	1
88	90	91	92	-122.796601	0.478011	1.673040	0.300000	1
88	90	91	93	-358.851539	0.478011	1.673040	0.300000	2
90	91	93	94	-335.541927	0.478011	1.673040	0.300000	2
92	91	93	94	-218.778474	0.478011	1.673040	0.300000	1
91	93	94	95	-125.622309	0.478011	1.673040	0.300000	1
91	93	94	96	-1.596825	0.478011	1.673040	0.300000	2
93	94	96	97	-335.285148	0.478011	1.673040	0.300000	2
95	94	96	97	-218.779698	0.478011	1.673040	0.300000	1
94	96	97	98	-125.625894	0.478011	1.673040	0.300000	1
94	96	97	99	-5.583031	0.478011	1.673040	0.300000	2
96	97	99	100	-330.305603	0.478011	1.673040	0.300000	2
98	97	99	100	-219.282465	0.478011	1.673040	0.300000	1
97	99	100	101	-133.949543	0.478011	1.673040	0.300000	1
97	99	100	102	-355.459363	0.478011	1.673040	0.300000	2
99	100	102	103	-340.166087	0.478011	1.673040	0.300000	2
101	100	102	103	-201.474578	0.478011	1.673040	0.300000	1
100	102	103	104	-128.436505	0.478011	1.673040	0.300000	1
100	102	103	105	-5.248293	0.478011	1.673040	0.300000	2
102	103	105	106	-334.240761	0.478011	1.673040	0.300000	2
104	103	105	106	-218.777638	0.478011	1.673040	0.300000	1
103	105	106	107	-125.624361	0.478011	1.673040	0.300000	1
103	105	106	108	-1.596902	0.478011	1.673040	0.300000	2
105	106	108	109	-335.288648	0.478011	1.673040	0.300000	2
107	106	108	109	-218.771572	0.478011	1.673040	0.300000	1
106	108	109	110	-125.624260	0.478011	1.673040	0.300000	1
106	108	109	111	-5.589736	0.478011	1.673040	0.300000	2
108	109	111	112	-330.305398	0.478011	1.673040	0.300000	2
110	109	111	112	-219.287330	0.478011	1.673040	0.300000	1
109	111	112	113	-133.942661	0.478011	1.673040	0.300000	1
109	111	112	114	-349.878429	0.478011	1.673040	0.300000	2
111	112	114	115	-339.775016	0.478011	1.673040	0.300000	2
113	112	114	115	-196.636773	0.478011	1.673040	0.300000	1
112	114	115	116	-138.914942	0.478011	1.673040	0.300000	1
112	114	115	117	-5.252809	0.478011	1.673040	0.300000	2
114	115	117	118	-334.582026	0.478011	1.673040	0.300000	2
116	115	117	118	-203.353562	0.478011	1.673040	0.300000	1
115	117	118	119	-134.557505	0.478011	1.673040	0.300000	1
115	117	118	120	-6.115167	0.478011	1.673040	0.300000	2
117	118	120	121	-336.185812	0.478011	1.673040	0.300000	2
119	118	120	121	-209.241210	0.478011	1.673040	0.300000	1
118	120	121	122	-122.794613	0.478011	1.673040	0.300000	1
118	120	121	123	-358.852110	0.478011	1.673040	0.300000	2
120	121	123	124	-335.541645	0.478011	1.673040	0.300000	2
122	121	123	124	-218.779029	0.478011	1.673040	0.300000	1
121	123	124	125	-125.623887	0.478011	1.673040	0.300000	1
121	123	124	126	-1.604702	0.478011	1.673040	0.300000	2
123	124	126	127	-335.286198	0.478011	1.673040	0.300000	2
125	124	126	127	-218.778441	0.478011	1.673040	0.300000	1
124	126	127	128	-125.619499	0.478011	1.673040	0.300000	1
124	126	127	129	-1.595978	0.478011	1.673040	0.300000	2
126	127	129	130	-335.279563	0.478011	1.673040	0.300000	2
128	127	129	130	-218.773076	0.478011	1.673040	0.300000	1
127	129	130	131	-125.630565	0.478011	1.673040	0.300000	1
127	129	130	132	-5.584275	0.478011	1.673040	0.300000	2
129	130	132	133	-330.311379	0.478011	1.673040	0.300000	2
131	130	132	133	-219.285709	0.478011	1.673040	0.300000	1
130	132	133	134	-133.949546	0.478011	1.673040	0.300000	1
130	132	133	135	-349.880737	0.478011	1.673040	0.300000	2
132	133	135	136	-339.780715	0.478011	1.673040	0.300000	2
134	133	135	136	-196.641811	0.478011	1.673040	0.300000	1
133	135	136	137	-138.911784	0.478011	1.673040	0.300000	1
133	135	136	138	-13.574039	0.478011	1.673040	0.300000	2
135	136	138	139	-330.221979	0.478011	1.673040	0.300000	2
137	136	138	139	-207.118556	0.478011	1.673040	0.300000	1
136	138	139	140	-133.013721	0.478011	1.673040	0.300000	1
136	138	139	141	-348.405569	0.478011	1.673040	0.300000	2
138	139	141	142	-339.749818	0.478011	1.673040	0.300000	2
140	139	141	142	-197.066107	0.478011	1.673040	0.300000	1
139	141	142	143	-134.497813	0.478011	1.673040	0.300000	1
139	141	142	144	-6.962371	0.478011	1.673040	0.300000	2
141	142	144	145	-334.011988	0.478011	1.673040	0.300000	2
143	142	144	145	-211.596793	0.478011	1.673040	0.300000	1
142	144	145	146	-134.813801	0.478011	1.673040	0.300000	1
142	144	145	147	-359.602219	0.478011	1.673040	0.300000	2
144	145	147	148	-336.087692	0.478011	1.673040	0.300000	2
146	145	147	148	-203.363172	0.478011	1.673040	0.300000	1
145	147	148	149	-134.547006	0.478011	1.673040	0.300000	1
145	147	148	150	-0.146667	0.478011	1.673040	0.300000	2
147	148	150	151	-335.670658	0.478011	1.673040	0.300000	2
149	148	150	151	-203.362979	0.478011	1.673040	0.300000	1
148	150	151	152	-134.548162	0.478011	1.673040	0.300000	1
148	150	151	153	-6.123881	0.478011	1.673040	0.300000	2
150	151	153	154	-336.190206	0.478011	1.673040	0.300000	2
152	151	153	154	-209.254761	0.478011	1.673040	0.300000	1
151	153	154	155	-122.790636	0.478011	1.673040	0.300000	1
151	153	154	156	-358.855056	0.478011	1.673040	0.300000	2
153	154	156	157	-335.527335	0.478011	1.673040	0.300000	2
155	154	156	157	-218.776061	0.478011	1.673040	0.300000	1
154	156	157	158	-125.625018	0.478011	1.673040	0.300000	1
154	156	157	159	-1.599287	0.478011	1.673040	0.300000	2
156	157	159	160	-335.287462	0.478011	1.673040	0.300000	2
158	157	159	160	-218.777675	0.478011	1.673040	0.300000	1
157	159	160	161	-125.622650	0.478011	1.673040	0.300000	1
163	162	164	165	-203.331382	0.478011	1.673040	0.300000	1
162	164	165	166	-134.599924	0.478011	1.673040	0.300000	1
162	164	165	167	-0.285465	0.478011	1.673040	0.300000	2
164	165	167	168	-335.564857	0.478011	1.673040	0.300000	2
166	165	167	168	-203.326878	0.478011	1.673040	0.300000	1
165	167	168	169	-134.608675	0.478011	1.673040	0.300000	1
165	167	168	170	-6.168094	0.478011	1.673040	0.300000	2
167	168	170	171	-336.181195	0.478011	1.673040	0.300000	2
169	168	170	171	-209.235315	0.478011	1.673040	0.300000	1
168	170	171	172	-122.798783	0.478011	1.673040	0.300000	1
168	170	171	173	-358.759349	0.478011	1.673040	0.300000	2
170	171	173	174	-335.653071	0.478011	1.673040	0.300000	2
172	171	173	174	-218.814564	0.478011	1.673040	0.300000	1
171	173	174	175	-125.567207	0.478011	1.673040	0.300000	1
171	173	174	176	-1.458632	0.478011	1.673040	0.300000	2
173	174	176	177	-335.396870	0.478011	1.673040	0.300000	2
175	174	176	177	-218.821754	0.478011	1.673040	0.300000	1
174	176	177	178	-125.554092	0.478011	1.673040	0.300000	1
174	176	177	179	-5.531070	0.478011	1.673040	0.300000	2
176	177	179	180	-330.297958	0.478011	1.673040	0.300000	2
178	177	179	180	-219.287998	0.478011	1.673040	0.300000	1
177	179	180	181	-133.943900	0.478011	1.673040	0.300000	1
177	179	180	182	-348.364894	0.478011	1.673040	0.300000	2
179	180	182	183	-340.473560	0.478011	1.673040	0.300000	2
181	180	182	183	-197.072220	0.478011	1.673040	0.300000	1
180	182	183	184	-134.487904	0.478011	1.673040	0.300000	1
180	182	183	185	-9.401566	0.478011	1.673040	0.300000	2
182	183	185	186	-335.216629	0.478011	1.673040	0.300000	2
184	183	185	186	-213.822175	0.478011	1.673040	0.300000	1
183	185	186	187	-126.629394	0.478011	1.673040	0.300000	1
183	185	186	188	-4.156851	0.478011	1.673040	0.300000	2
185	186	188	189	-331.262334	0.478011	1.673040	0.300000	2
187	186	188	189	-219.029692	0.478011	1.673040	0.300000	1
186	188	189	190	-127.159238	0.478011	1.673040	0.300000	1
186	188	189	191	-357.660646	0.478011	1.673040	0.300000	2
188	189	191	192	-336.626204	0.478011	1.673040	0.300000	2
190	189	191	192	-211.604924	0.478011	1.673040	0.300000	1
189	191	192	193	-134.806249	0.478011	1.673040	0.300000	1
189	191	192	194	-359.696727	0.478011	1.673040	0.300000	2
191	192	194	195	-335.958829	0.478011	1.673040	0.300000	2
193	192	194	195	-203.325856	0.478011	1.673040	0.300000	1
192	194	195	196	-134.608211	0.478011	1.673040	0.300000	1
192	194	195	197	-0.290085	0.478011	1.673040	0.300000	2
194	195	197	198	-335.561219	0.478011	1.673040	0.300000	2
196	195	197	198	-203.319264	0.478011	1.673040	0.300000	1
195	197	198	199	-134.616153	0.478011	1.673040	0.300000	1
195	197	198	200	-0.286191	0.478011	1.673040	0.300000	2
197	198	200	201	-335.570061	0.478011	1.673040	0.300000	2
199	198	200	201	-203.316412	0.478011	1.673040	0.300000	1
198	200	201	202	-134.613571	0.478011	1.673040	0.300000	1
198	200	201	203	-6.170452	0.478011	1.673040	0.300000	2
200	201	203	204	-336.191786	0.478011	1.673040	0.300000	2
202	201	203	204	-209.245549	0.478011	1.673040	0.300000	1
201	203	204	205	-122.793421	0.478011	1.673040	0.300000	1
201	203	204	206	-358.761226	0.478011	1.673040	0.300000	2
203	204	206	207	-335.645622	0.478011	1.673040	0.300000	2
205	204	206	207	-218.819581	0.478011	1.673040	0.300000	1
204	206	207	208	-125.560828	0.478011	1.673040	0.300000	1
204	206	207	209	-2.938619	0.478011	1.673040	0.300000	2
206	207	209	210	-331.655100	0.478011	1.673040	0.300000	2
208	207	209	210	-219.038271	0.478011	1.673040	0.300000	1
207	209	210	211	-127.161198	0.478011	1.673040	0.300000	1
207	209	210	212	-357.662835	0.478011	1.673040	0.300000	2
209	210	212	213	-336.626038	0.478011	1.673040	0.300000	2
211	210	212	213	-211.604108	0.478011	1.673040	0.300000	1
210	212	213	214	-134.806415	0.478011	1.673040	0.300000	1
210	212	213	215	-359.704677	0.478011	1.673040	0.300000	2
212	213	215	216	-335.956826	0.478011	1.673040	0.300000	2
214	213	215	216	-203.330101	0.478011	1.673040	0.300000	1
213	215	216	217	-134.601470	0.478011	1.673040	0.300000	1
213	215	216	218	-0.292675	0.478011	1.673040	0.300000	2
215	216	218	219	-335.565821	0.478011	1.673040	0.300000	2
217	216	218	219	-203.333905	0.478011	1.673040	0.300000	1
216	218	219	220	-134.598402	0.478011	1.673040	0.300000	1
216	218	219	221	-6.698158	0.478011	1.673040	0.300000	2
218	219	221	222	-332.884805	0.478011	1.673040	0.300000	2
220	219	221	222	-207.866462	0.478011	1.673040	0.300000	1
219	221	222	223	-125.204742	0.478011	1.673040	0.300000	1
219	221	222	224	-356.299823	0.478011	1.673040	0.300000	2
221	222	224	225	-336.378148	0.478011	1.673040	0.300000	2
223	222	224	225	-211.607045	0.478011	1.673040	0.300000	1
222	224	225	226	-134.803235	0.478011	1.673040	0.300000	1
222	224	225	227	-359.698353	0.478011	1.673040	0.300000	2
224	225	227	228	-335.958681	0.478011	1.673040	0.300000	2
226	225	227	228	-203.326908	0.478011	1.673040	0.300000	1
225	227	228	229	-134.607891	0.478011	1.673040	0.300000	1
225	227	228	230	-0.294303	0.478011	1.673040	0.300000	2
227	228	230	231	-335.561832	0.478011	1.673040	0.300000	2
229	228	230	231	-203.328015	0.478011	1.673040	0.300000	1
228	230	231	232	-134.605316	0.478011	1.673040	0.300000	1
228	230	231	233	-6.171421	0.478011	1.673040	0.300000	2
230	231	233	234	-336.186962	0.478011	1.673040	0.300000	2
232	231	233	234	-209.250744	0.478011	1.673040	0.300000	1
231	233	234	235	-122.795538	0.478011	1.673040	0.300000	1
231	233	234	236	-358.750805	0.478011	1.673040	0.300000	2
233	234	236	237	-335.647553	0.478011	1.673040	0.300000	2
235	234	236	237	-218.810956	0.478011	1.673040	0.300000	1
234	236	237	238	-125.570807	0.478011	1.673040	0.300000	1
234	236	237	239	-1.458370	0.478011	1.673040	0.300000	2
236	237	239	240	-335.394012	0.478011	1.673040	0.300000	2
238	237	239	240	-218.816808	0.478011	1.673040	0.300000	1
237	239	240	241	-125.560509	0.478011	1.673040	0.300000	1
237	239	240	242	-2.182677	0.478011	1.673040	0.300000	2
239	240	242	243	-332.211094	0.478011	1.673040	0.300000	2
241	240	242	243	-216.959551	0.478011	1.673040	0.300000	1
240	242	243	244	-132.918490	0.478011	1.673040	0.300000	1
240	242	243	245	-357.274977	0.478011	1.673040	0.300000	2
242	243	245	246	-336.841816	0.478011	1.673040	0.300000	2
244	243	245	246	-203.323143	0.478011	1.673040	0.300000	1
243	245	246	247	-134.609617	0.478011	1.673040	0.300000	1
243	245	246	248	-0.282026	0.478011	1.673040	0.300000	2
245	246	248	249	-335.571217	0.478011	1.673040	0.300000	2
247	246	248	249	-203.319940	0.478011	1.673040	0.300000	1
246	248	249	250	-134.610366	0.478011	1.673040	0.300000	1
246	248	249	251	-6.169923	0.478011	1.673040	0.300000	2
248	249	251	252	-336.192393	0.478011	1.673040	0.300000	2
250	249	251	252	-209.246678	0.478011	1.673040	0.300000	1
249	251	252	253	-122.794398	0.478011	1.673040	0.300000	1
249	251	252	254	-358.760501	0.478011	1.673040	0.300000	2
251	252	254	255	-335.641718	0.478011	1.673040	0.300000	2
253	252	254	255	-218.810798	0.478011	1.673040	0.300000	1
252	254	255	256	-125.566278	0.478011	1.673040	0.300000	1
252	254	255	257	-1.445681	0.478011	1.673040	0.300000	2
254	255	257	258	-335.396374	0.478011	1.673040	0.300000	2
256	255	257	258	-218.809274	0.478011	1.673040	0.300000	1
255	257	258	259	-125.567512	0.478011	1.673040	0.300000	1
255	257	258	260	-5.534755	0.478011	1.673040	0.300000	2
257	258	260	261	-330.307177	0.478011	1.673040	0.300000	2
259	258	260	261	-219.286169	0.478011	1.673040	0.300000	1
258	260	261	262	-133.945474	0.478011	1.673040	0.300000	1
258	260	261	263	-348.362372	0.478011	1.673040	0.300000	2
260	261	263	264	-340.474363	0.478011	1.673040	0.300000	2
262	261	263	264	-197.068759	0.478011	1.673040	0.300000	1
261	263	264	265	-134.494036	0.478011	1.673040	0.300000	1
261	263	264	266	-9.402673	0.478011	1.673040	0.300000	2
263	264	266	267	-335.211493	0.478011	1.673040	0.300000	2
265	264	266	267	-213.814825	0.478011	1.673040	0.300000	1
264	266	267	268	-126.633514	0.478011	1.673040	0.300000	1
264	266	267	269	-4.147319	0.478011	1.673040	0.300000	2
266	267	269	270	-331.273356	0.478011	1.673040	0.300000	2
268	267	269	270	-219.029880	0.478011	1.673040	0.300000	1
267	269	270	271	-127.166793	0.478011	1.673040	0.300000	1
267	269	270	272	-357.665262	0.478011	1.673040	0.300000	2
269	270	272	273	-336.630898	0.478011	1.673040	0.300000	2
271	270	272	273	-211.608869	0.478011	1.673040	0.300000	1
270	272	273	274	-134.802588	0.478011	1.673040	0.300000	1
270	272	273	275	-359.701231	0.478011	1.673040	0.300000	2
272	273	275	276	-335.953842	0.478011	1.673040	0.300000	2
274	273	275	276	-203.329884	0.478011	1.673040	0.300000	1
273	275	276	277	-134.603313	0.478011	1.673040	0.300000	1
273	275	276	278	-0.299786	0.478011	1.673040	0.300000	2
275	276	278	279	-335.563890	0.478011	1.673040	0.300000	2
277	276	278	279	-203.337300	0.478011	1.673040	0.300000	1
276	278	279	280	-134.593892	0.478011	1.673040	0.300000	1
276	278	279	281	-0.289473	0.478011	1.673040	0.300000	2
278	279	281	282	-335.558349	0.478011	1.673040	0.300000	2
280	279	281	282	-203.331443	0.478011	1.673040	0.300000	1
279	281	282	283	-134.601831	0.478011	1.673040	0.300000	1
279	281	282	284	-6.165774	0.478011	1.673040	0.300000	2
281	282	284	285	-336.187705	0.478011	1.673040	0.300000	2
283	282	284	285	-209.243798	0.478011	1.673040	0.300000	1
282	284	285	286	-122.794754	0.478011	1.673040	0.300000	1
282	284	285	287	-358.763626	0.478011	1.673040	0.300000	2
284	285	287	288	-335.644099	0.478011	1.673040	0.300000	2
286	285	287	288	-218.815063	0.478011	1.673040	0.300000	1
285	287	288	289	-125.564986	0.478011	1.673040	0.300000	1
285	287	288	290	-2.936040	0.478011	1.673040	0.300000	2
287	288	290	291	-331.651845	0.478011	1.673040	0.300000	2
289	288	290	291	-219.027614	0.478011	1.673040	0.300000	1
288	290	291	292	-127.165595	0.478011	1.673040	0.300000	1
288	290	291	293	-357.664244	0.478011	1.673040	0.300000	2
290	291	293	294	-336.629867	0.478011	1.673040	0.300000	2
292	291	293	294	-211.603739	0.478011	1.673040	0.300000	1
291	293	294	295	-134.807429	0.478011	1.673040	0.300000	1
291	293	294	296	-359.706547	0.478011	1.673040	0.300000	2
293	294	296	297	-335.958287	0.478011	1.673040	0.300000	2
295	294	296	297	-203.329591	0.478011	1.673040	0.300000	1
294	296	297	298	-134.600083	0.478011	1.673040	0.300000	1
294	296	297	299	-0.302134	0.478011	1.673040	0.300000	2
296	297	299	300	-335.556165	0.478011	1.673040	0.300000	2
298	297	299	300	-203.334668	0.478011	1.673040	0.300000	1
297	299	300	301	-134.599487	0.478011	1.673040	0.300000	1
297	299	300	302	-6.687810	0.478011	1.673040	0.300000	2
299	300	302	303	-332.887187	0.478011	1.673040	0.300000	2
301	300	302	303	-207.859460	0.478011	1.673040	0.300000	1
300	302	303	304	-125.210759	0.478011	1.673040	0.300000	1
300	302	303	305	-356.297704	0.478011	1.673040	0.300000	2
302	303	305	306	-336.391478	0.478011	1.673040	0.300000	2
304	303	305	306	-211.614157	0.478011	1.673040	0.300000	1
303	305	306	307	-134.802334	0.478011	1.673040	0.300000	1
303	305	306	308	-359.704947	0.478011	1.673040	0.300000	2
305	306	308	309	-335.946865	0.478011	1.673040	0.300000	2
307	306	308	309	-203.327732	0.478011	1.673040	0.300000	1
306	308	309	310	-134.608769	0.478011	1.673040	0.300000	1
306	308	309	311	-0.289969	0.478011	1.673040	0.300000	2
308	309	311	312	-335.564098	0.478011	1.673040	0.300000	2
310	309	311	312	-203.328215	0.478011	1.673040	0.300000	1
309	311	312	313	-134.606174	0.478011	1.673040	0.300000	1
309	311	312	314	-6.167546	0.478011	1.673040	0.300000	2
311	312	314	315	-336.190645	0.478011	1.673040	0.300000	2
313	312	314	315	-209.249018	0.478011	1.673040	0.300000	1
312	314	315	316	-122.790512	0.478011	1.673040	0.300000	1
312	314	315	317	-358.764294	0.478011	1.673040	0.300000	2
314	315	317	318	-335.642594	0.478011	1.673040	0.300000	2
316	315	317	318	-218.819300	0.478011	1.673040	0.300000	1
315	317	318	319	-125.561436	0.478011	1.673040	0.300000	1
315	317	318	320	-1.452187	0.478011	1.673040	0.300000	2
317	318	320	321	-335.393480	0.478011	1.673040	0.300000	2
319	318	320	321	-218.820174	0.478011	1.673040	0.300000	1
318	320	321	322	-125.559909	0.478011	1.673040	0.300000	1
