1	2	4.863572	0.143403	0.000000	14.340344
1	3	3.685540	0.143403	0.000000	14.340344
3	4	3.744376	0.143403	0.000000	14.340344
4	5	4.863661	0.143403	0.000000	14.340344
4	6	3.685726	0.143403	0.000000	14.340344
6	7	3.744592	0.143403	0.000000	14.340344
7	8	4.863880	0.143403	0.000000	14.340344
7	9	3.287234	0.143403	0.000000	14.340344
9	10	3.728845	0.143403	0.000000	14.340344
10	11	4.378837	0.143403	0.000000	14.340344
10	12	3.870338	0.143403	0.000000	14.340344
12	13	3.758842	0.143403	0.000000	14.340344
13	14	4.378724	0.143403	0.000000	14.340344
13	15	3.871014	0.143403	0.000000	14.340344
15	16	3.759182	0.143403	0.000000	14.340344
16	17	4.378629	0.143403	0.000000	14.340344
16	18	4.391306	0.143403	0.000000	14.340344
18	19	3.716503	0.143403	0.000000	14.340344
19	20	4.973310	0.143403	0.000000	14.340344
19	21	3.285004	0.143403	0.000000	14.340344
21	22	3.759963	0.143403	0.000000	14.340344
22	23	4.378715	0.143403	0.000000	14.340344
22	24	3.870628	0.143403	0.000000	14.340344
24	25	3.759038	0.143403	0.000000	14.340344
25	26	4.378800	0.143403	0.000000	14.340344
25	27	3.870334	0.143403	0.000000	14.340344
27	28	3.759317	0.143403	0.000000	14.340344
28	29	4.378690	0.143403	0.000000	14.340344
28	30	4.391166	0.143403	0.000000	14.340344
30	31	3.716087	0.143403	0.000000	14.340344
31	32	4.973341	0.143403	0.000000	14.340344
31	33	3.736012	0.143403	0.000000	14.340344
33	34	3.739451	0.143403	0.000000	14.340344
34	35	4.863613	0.143403	0.000000	14.340344
34	36	3.685692	0.143403	0.000000	14.340344
36	37	3.744951	0.143403	0.000000	14.340344
37	38	4.863619	0.143403	0.000000	14.340344
37	39	3.287133	0.143403	0.000000	14.340344
39	40	3.728773	0.143403	0.000000	14.340344
40	41	4.378855	0.143403	0.000000	14.340344
40	42	3.870582	0.143403	0.000000	14.340344
42	43	3.759003	0.143403	0.000000	14.340344
43	44	4.378753	0.143403	0.000000	14.340344
43	45	3.870575	0.143403	0.000000	14.340344
45	46	3.759211	0.143403	0.000000	14.340344
46	47	4.378911	0.143403	0.000000	14.340344
46	48	3.870318	0.143403	0.000000	14.340344
48	49	3.759269	0.143403	0.000000	14.340344
49	50	4.378701	0.143403	0.000000	14.340344
49	51	4.391295	0.143403	0.000000	14.340344
51	52	3.716213	0.143403	0.000000	14.340344
52	53	4.973504	0.143403	0.000000	14.340344
52	54	3.735598	0.143403	0.000000	14.340344
54	55	3.739609	0.143403	0.000000	14.340344
55	56	4.863762	0.143403	0.000000	14.340344
55	57	3.836063	0.143403	0.000000	14.340344
57	58	3.724806	0.143403	0.000000	14.340344
58	59	4.973588	0.143403	0.000000	14.340344
58	60	3.256324	0.143403	0.000000	14.340344
60	61	3.699847	0.143403	0.000000	14.340344
61	62	4.299634	0.143403	0.000000	14.340344
61	63	4.385579	0.143403	0.000000	14.340344
63	64	3.753213	0.143403	0.000000	14.340344
64	65	4.863682	0.143403	0.000000	14.340344
64	66	3.685809	0.143403	0.000000	14.340344
66	67	3.744622	0.143403	0.000000	14.340344
67	68	4.863726	0.143403	0.000000	14.340344
67	69	3.685517	0.143403	0.000000	14.340344
69	70	3.744066	0.143403	0.000000	14.340344
70	71	4.863907	0.143403	0.000000	14.340344
70	72	3.287360	0.143403	0.000000	14.340344
72	73	3.728921	0.143403	0.000000	14.340344
73	74	4.378579	0.143403	0.000000	14.340344
73	75	3.870442	0.143403	0.000000	14.340344
75	76	3.758906	0.143403	0.000000	14.340344
76	77	4.378878	0.143403	0.000000	14.340344
76	78	3.870433	0.143403	0.000000	14.340344
78	79	3.759153	0.143403	0.000000	14.340344
79	80	4.378651	0.143403	0.000000	14.340344
79	81	4.191292	0.143403	0.000000	14.340344
81	82	3.751266	0.143403	0.000000	14.340344
82	83	4.863762	0.143403	0.000000	14.340344
82	84	3.685808	0.143403	0.000000	14.340344
84	85	3.744531	0.143403	0.000000	14.340344
85	86	4.863640	0.143403	0.000000	14.340344
85	87	3.685734	0.143403	0.000000	14.340344
87	88	3.744646	0.143403	0.000000	14.340344
88	89	4.863505	0.143403	0.000000	14.340344
88	90	3.287615	0.143403	0.000000	14.340344
90	91	3.729041	0.143403	0.000000	14.340344
91	92	4.378912	0.143403	0.000000	14.340344
91	93	3.870310	0.143403	0.000000	14.340344
93	94	3.759540	0.143403	0.000000	14.340344
94	95	4.378711	0.143403	0.000000	14.340344
94	96	3.870391	0.143403	0.000000	14.340344
96	97	3.759287	0.143403	0.000000	14.340344
97	98	4.378598	0.143403	0.000000	14.340344
97	99	4.391231	0.143403	0.000000	14.340344
99	100	3.716349	0.143403	0.000000	14.340344
100	101	4.973368	0.143403	0.000000	14.340344
100	102	3.284974	0.143403	0.000000	14.340344
102	103	3.759987	0.143403	0.000000	14.340344
103	104	4.378758	0.143403	0.000000	14.340344
103	105	3.870638	0.143403	0.000000	14.340344
105	106	3.758919	0.143403	0.000000	14.340344
106	107	4.378814	0.143403	0.000000	14.340344
106	108	3.870855	0.143403	0.000000	14.340344
108	109	3.759081	0.143403	0.000000	14.340344
109	110	4.378626	0.143403	0.000000	14.340344
109	111	4.391683	0.143403	0.000000	14.340344
111	112	3.716042	0.143403	0.000000	14.340344
112	113	4.973419	0.143403	0.000000	14.340344
112	114	3.735495	0.143403	0.000000	14.340344
114	115	3.739465	0.143403	0.000000	14.340344
115	116	4.863545	0.143403	0.000000	14.340344
115	117	3.685763	0.143403	0.000000	14.340344
117	118	3.744435	0.143403	0.000000	14.340344
118	119	4.863691	0.143403	0.000000	14.340344
118	120	3.286944	0.143403	0.000000	14.340344
120	121	3.729093	0.143403	0.000000	14.340344
121	122	4.378440	0.143403	0.000000	14.340344
121	123	3.870649	0.143403	0.000000	14.340344
123	124	3.758841	0.143403	0.000000	14.340344
124	125	4.378716	0.143403	0.000000	14.340344
124	126	3.870223	0.143403	0.000000	14.340344
126	127	3.758926	0.143403	0.000000	14.340344
127	128	4.378748	0.143403	0.000000	14.340344
127	129	3.870645	0.143403	0.000000	14.340344
129	130	3.759120	0.143403	0.000000	14.340344
130	131	4.378655	0.143403	0.000000	14.340344
130	132	4.391086	0.143403	0.000000	14.340344
132	133	3.716436	0.143403	0.000000	14.340344
133	134	4.973399	0.143403	0.000000	14.340344
133	135	3.735283	0.143403	0.000000	14.340344
135	136	3.739815	0.143403	0.000000	14.340344
136	137	4.863679	0.143403	0.000000	14.340344
136	138	3.836016	0.143403	0.000000	14.340344
138	139	3.724962	0.143403	0.000000	14.340344
139	140	4.973204	0.143403	0.000000	14.340344
139	141	3.256470	0.143403	0.000000	14.340344
141	142	3.699869	0.143403	0.000000	14.340344
142	143	4.299757	0.143403	0.000000	14.340344
142	144	4.385455	0.143403	0.000000	14.340344
144	145	3.753199	0.143403	0.000000	14.340344
145	146	4.863609	0.143403	0.000000	14.340344
145	147	3.685718	0.143403	0.000000	14.340344
147	148	3.744572	0.143403	0.000000	14.340344
148	149	4.863619	0.143403	0.000000	14.340344
148	150	3.686033	0.143403	0.000000	14.340344
150	151	3.744540	0.143403	0.000000	14.340344
151	152	4.863675	0.143403	0.000000	14.340344
151	153	3.287376	0.143403	0.000000	14.340344
153	154	3.728818	0.143403	0.000000	14.340344
154	155	4.378996	0.143403	0.000000	14.340344
154	156	3.870085	0.143403	0.000000	14.340344
156	157	3.758972	0.143403	0.000000	14.340344
157	158	4.378791	0.143403	0.000000	14.340344
157	159	3.870824	0.143403	0.000000	14.340344
159	160	3.758772	0.143403	0.000000	14.340344
160	161	4.379001	0.143403	0.000000	14.340344
162	163	4.863597	0.143403	0.000000	14.340344
162	164	3.690041	0.143403	0.000000	14.340344
164	165	3.744815	0.143403	0.000000	14.340344
165	166	4.863436	0.143403	0.000000	14.340344
165	167	3.689861	0.143403	0.000000	14.340344
167	168	3.744969	0.143403	0.000000	14.340344
168	169	4.863907	0.143403	0.000000	14.340344
168	170	3.287143	0.143403	0.000000	14.340344
170	171	3.728801	0.143403	0.000000	14.340344
171	172	4.378649	0.143403	0.000000	14.340344
171	173	3.866146	0.143403	0.000000	14.340344
173	174	3.758255	0.143403	0.000000	14.340344
174	175	4.378594	0.143403	0.000000	14.340344
174	176	3.866211	0.143403	0.000000	14.340344
176	177	3.758227	0.143403	0.000000	14.340344
177	178	4.378686	0.143403	0.000000	14.340344
177	179	4.391749	0.143403	0.000000	14.340344
179	180	3.715992	0.143403	0.000000	14.340344
180	181	4.973667	0.143403	0.000000	14.340344
180	182	3.256415	0.143403	0.000000	14.340344
182	183	3.699743	0.143403	0.000000	14.340344
183	184	4.299756	0.143403	0.000000	14.340344
183	185	3.998458	0.143403	0.000000	14.340344
185	186	3.784379	0.143403	0.000000	14.340344
186	187	4.378767	0.143403	0.000000	14.340344
186	188	3.707310	0.143403	0.000000	14.340344
188	189	3.710140	0.143403	0.000000	14.340344
189	190	4.299428	0.143403	0.000000	14.340344
189	191	4.385657	0.143403	0.000000	14.340344
191	192	3.753115	0.143403	0.000000	14.340344
192	193	4.863517	0.143403	0.000000	14.340344
192	194	3.690027	0.143403	0.000000	14.340344
194	195	3.745046	0.143403	0.000000	14.340344
195	196	4.863710	0.143403	0.000000	14.340344
195	197	3.689821	0.143403	0.000000	14.340344
197	198	3.744674	0.143403	0.000000	14.340344
198	199	4.863671	0.143403	0.000000	14.340344
198	200	3.689694	0.143403	0.000000	14.340344
200	201	3.744971	0.143403	0.000000	14.340344
201	202	4.863776	0.143403	0.000000	14.340344
201	203	3.287080	0.143403	0.000000	14.340344
203	204	3.729187	0.143403	0.000000	14.340344
204	205	4.378662	0.143403	0.000000	14.340344
204	206	3.865942	0.143403	0.000000	14.340344
206	207	3.758579	0.143403	0.000000	14.340344
207	208	4.378761	0.143403	0.000000	14.340344
207	209	3.707255	0.143403	0.000000	14.340344
209	210	3.710166	0.143403	0.000000	14.340344
210	211	4.299902	0.143403	0.000000	14.340344
210	212	4.385669	0.143403	0.000000	14.340344
212	213	3.753269	0.143403	0.000000	14.340344
213	214	4.863700	0.143403	0.000000	14.340344
213	215	3.689899	0.143403	0.000000	14.340344
215	216	3.744896	0.143403	0.000000	14.340344
216	217	4.863677	0.143403	0.000000	14.340344
216	218	3.689887	0.143403	0.000000	14.340344
218	219	3.745111	0.143403	0.000000	14.340344
219	220	4.863746	0.143403	0.000000	14.340344
219	221	3.018588	0.143403	0.000000	14.340344
221	222	3.704026	0.143403	0.000000	14.340344
222	223	4.299964	0.143403	0.000000	14.340344
222	224	4.385469	0.143403	0.000000	14.340344
224	225	3.753030	0.143403	0.000000	14.340344
225	226	4.863485	0.143403	0.000000	14.340344
225	227	3.689911	0.143403	0.000000	14.340344
227	228	3.744926	0.143403	0.000000	14.340344
228	229	4.863890	0.143403	0.000000	14.340344
228	230	3.689413	0.143403	0.000000	14.340344
230	231	3.745158	0.143403	0.000000	14.340344
231	232	4.863742	0.143403	0.000000	14.340344
231	233	3.287274	0.143403	0.000000	14.340344
233	234	3.729035	0.143403	0.000000	14.340344
234	235	4.378699	0.143403	0.000000	14.340344
234	236	3.865497	0.143403	0.000000	14.340344
236	237	3.758247	0.143403	0.000000	14.340344
237	238	4.378971	0.143403	0.000000	14.340344
237	239	3.866152	0.143403	0.000000	14.340344
239	240	3.758486	0.143403	0.000000	14.340344
240	241	4.378756	0.143403	0.000000	14.340344
240	242	4.191608	0.143403	0.000000	14.340344
242	243	3.751837	0.143403	0.000000	14.340344
243	244	4.863415	0.143403	0.000000	14.340344
243	245	3.689888	0.143403	0.000000	14.340344
245	246	3.745155	0.143403	0.000000	14.340344
246	247	4.863227	0.143403	0.000000	14.340344
246	248	3.689845	0.143403	0.000000	14.340344
248	249	3.745299	0.143403	0.000000	14.340344
249	250	4.863386	0.143403	0.000000	14.340344
249	251	3.287155	0.143403	0.000000	14.340344
251	252	3.728882	0.143403	0.000000	14.340344
252	253	4.378787	0.143403	0.000000	14.340344
252	254	3.866190	0.143403	0.000000	14.340344
254	255	3.758418	0.143403	0.000000	14.340344
255	256	4.378594	0.143403	0.000000	14.340344
255	257	3.865952	0.143403	0.000000	14.340344
257	258	3.758297	0.143403	0.000000	14.340344
258	259	4.378814	0.143403	0.000000	14.340344
258	260	4.391513	0.143403	0.000000	14.340344
260	261	3.716153	0.143403	0.000000	14.340344
261	262	4.973488	0.143403	0.000000	14.340344
261	263	3.256204	0.143403	0.000000	14.340344
263	264	3.700095	0.143403	0.000000	14.340344
264	265	4.299657	0.143403	0.000000	14.340344
264	266	3.998505	0.143403	0.000000	14.340344
266	267	3.784250	0.143403	0.000000	14.340344
267	268	4.378324	0.143403	0.000000	14.340344
267	269	3.707107	0.143403	0.000000	14.340344
269	270	3.710445	0.143403	0.000000	14.340344
270	271	4.299647	0.143403	0.000000	14.340344
270	272	4.385612	0.143403	0.000000	14.340344
272	273	3.753461	0.143403	0.000000	14.340344
273	274	4.863559	0.143403	0.000000	14.340344
273	275	3.689782	0.143403	0.000000	14.340344
275	276	3.745334	0.143403	0.000000	14.340344
276	277	4.863768	0.143403	0.000000	14.340344
276	278	3.689678	0.143403	0.000000	14.340344
278	279	3.744693	0.143403	0.000000	14.340344
279	280	4.863484	0.143403	0.000000	14.340344
279	281	3.689961	0.143403	0.000000	14.340344
281	282	3.745031	0.143403	0.000000	14.340344
282	283	4.863402	0.143403	0.000000	14.340344
282	284	3.287483	0.143403	0.000000	14.340344
284	285	3.728570	0.143403	0.000000	14.340344
285	286	4.378865	0.143403	0.000000	14.340344
285	287	3.866132	0.143403	0.000000	14.340344
287	288	3.758452	0.143403	0.000000	14.340344
288	289	4.378616	0.143403	0.000000	14.340344
288	290	3.707144	0.143403	0.000000	14.340344
290	291	3.710073	0.143403	0.000000	14.340344
291	292	4.299747	0.143403	0.000000	14.340344
291	293	4.385602	0.143403	0.000000	14.340344
293	294	3.753056	0.143403	0.000000	14.340344
294	295	4.863625	0.143403	0.000000	14.340344
294	296	3.690086	0.143403	0.000000	14.340344
296	297	3.744633	0.143403	0.000000	14.340344
297	298	4.863934	0.143403	0.000000	14.340344
297	299	3.689916	0.143403	0.000000	14.340344
299	300	3.744836	0.143403	0.000000	14.340344
300	301	4.863618	0.143403	0.000000	14.340344
300	302	3.018447	0.143403	0.000000	14.340344
302	303	3.704301	0.143403	0.000000	14.340344
303	304	4.299783	0.143403	0.000000	14.340344
303	305	4.385351	0.143403	0.000000	14.340344
305	306	3.753351	0.143403	0.000000	14.340344
306	307	4.863856	0.143403	0.000000	14.340344
306	308	3.689710	0.143403	0.000000	14.340344
308	309	3.745136	0.143403	0.000000	14.340344
309	310	4.863730	0.143403	0.000000	14.340344
309	311	3.689476	0.143403	0.000000	14.340344
311	312	3.745100	0.143403	0.000000	14.340344
312	313	4.863606	0.143403	0.000000	14.340344
312	314	3.287132	0.143403	0.000000	14.340344
314	315	3.729063	0.143403	0.000000	14.340344
315	316	4.378965	0.143403	0.000000	14.340344
315	317	3.865756	0.143403	0.000000	14.340344
317	318	3.758523	0.143403	0.000000	14.340344
318	319	4.378709	0.143403	0.000000	14.340344
318	320	3.866092	0.143403	0.000000	14.340344
320	321	3.758522	0.143403	0.000000	14.340344
321	322	4.378795	0.143403	0.000000	14.340344
