 0.00000  0.00000  0.00000  0.00000  0.00000  0.00000  0.00000  1.02727  0.00000  0.00000  0.00000  0.00000  0.00000  0.66079  0.00000  0.00000  0.00000  0.00000  0.00000  0.00000
 0.00000  0.00000  0.00000  0.00000  0.00000  0.00000  0.64556  0.00000  0.00000  0.00000  0.00000 -1.13025  0.00000  0.00000  0.00000  0.00000  0.00000  0.00000  0.00000  0.00000
 0.00000  0.00000  0.00000  0.00000  0.00000  1.06931  1.01987  0.00000  0.00000  0.00000 -1.37431  0.00000  0.00000  0.00000  0.00000  0.00000  0.00000  1.19162  0.00000  0.00000
 0.00000  1.11180  0.87723  0.00000  0.00000  0.00000  1.00558  0.00000  0.00000  0.00000  0.00000  1.10637  0.00000 -1.52725  0.00000  0.73826  0.55008  0.00000  0.00000  0.00000
 0.00000  0.00000  0.00000  0.00000  2.12081  0.00000  0.00000  0.00000  0.00000  0.00000  0.00000  0.00000  0.00000  0.00000  0.00000  0.00000  0.00000  0.00000  0.00000  0.00000
 0.00000  0.00000  0.00000  0.00000  0.00000  0.00000  0.00000  0.64074  0.00000 -1.76817  0.61074 -1.64599  0.00000  0.00000  1.55564  0.00000  0.00000  0.00000 -1.57105  0.00000
 0.00000  0.81261  0.00000  0.00000  0.00000  0.00000 -1.99209  0.00000  0.00000  0.00000  0.00000  0.64490  0.87529  0.00000  0.00000  0.00000  0.00000  0.00000  0.00000 -0.75884
 0.00000  0.00000  0.00000  0.00000  0.00000  0.00000  0.00000  0.74465  0.00000  0.00000  0.00000  0.00000  0.00000  1.00233  0.00000  0.63983  0.00000  0.00000  0.00000  0.00000
 0.00000  1.07370  0.00000  0.72256  0.00000  0.00000  0.00000  0.00000  0.00000  0.00000  0.00000  0.00000  1.06228  0.00000  0.00000  0.00000  0.76329  0.00000  0.00000  0.72743
 0.00000 -1.94558  0.00000 -1.96025  0.78741  0.71673  0.00000  0.00000  0.00000  0.00000  0.00000  0.00000  0.96973  0.61937  0.00000  0.00000  0.00000  0.00000  0.00000  0.00000
 0.00000  0.00000 -2.06746 -2.28939  0.00000 -1.40417  0.00000  0.00000  0.00000  0.00000  0.65202  0.00000  0.00000 -0.88843  0.00000  0.00000 -0.53386  0.00000  0.00000  0.32821
 0.00000  0.00000  0.00000  0.00000  0.00000  0.00000  0.77007  0.00000  0.00000  0.00000  0.00000  0.00000  0.00000  0.00000  0.00000  0.44212  0.00000  0.67355  0.00000  0.00000
 0.00000  0.00000  0.00000  0.00000  0.00000  0.00000  0.00000  0.00000  0.00000  0.00000  0.86373  0.00000  1.25777  0.00000  0.00000  0.00000  0.00000  0.00000  0.00000  0.00000
 0.00000  0.00000  0.00000  0.00000  0.00000  0.00000  0.00000  0.00000  0.00000  0.00000  0.00000  0.00000  0.00000  0.00000  1.17757  0.00000 -0.97570  0.00000  0.00000  0.00000
 0.00000  0.00000  0.00000  0.00000  0.00000  0.00000  0.00000  0.00000  0.00000  0.00000  0.00000  0.00000  0.00000  0.77210  0.00000  0.00000  0.00000  0.00000  0.00000  0.00000
-2.08433  0.00000  0.00000  0.00000  0.00000  0.00000  0.00000  0.00000  0.00000 -1.69497  0.00000  0.00000  0.00000  0.00000  0.00000  0.49272  0.61865  0.89850  0.00000  0.00000
 0.00000  0.00000  0.00000  0.00000  0.00000 -1.20375  0.00000  0.00000  0.00000  0.00000 -0.89054  0.00000  0.00000  0.00000  0.00000  0.00000  0.62206 -1.52328  0.00000 -0.67534
 1.21182  0.00000  0.00000  0.00000  0.00000  0.00000  0.00000  0.00000  1.28826  0.00000  0.00000  0.00000  0.00000  0.00000  0.00000  0.00000  0.00000  0.97578  0.00000 -1.75981
 0.00000  0.00000  0.00000  0.00000  1.57232  0.00000  0.00000  0.00000  0.00000  0.76299  0.58045  0.00000  0.00000  0.55413  1.04706  0.00000  0.00000  0.88202  0.00000  0.00000
 0.00000  0.00000  0.00000 -2.32551  0.00000  0.00000 -1.45199  0.00000 -1.67047  0.51426  0.00000  0.00000  0.00000  0.00000  0.00000  0.00000  0.00000  0.00000  0.00000  0.00000
 
 0.00000  0.00000  0.00000  0.41860  0.00000  0.00000  0.00000  0.00000  0.00000  0.00000  0.28974  0.00000  0.00000 -0.34422  0.00000 -0.56740 -0.32450  0.00000  0.00000  0.00000
-0.51906  0.00000  0.00000  0.82905  0.52925  0.76001  1.02397  0.00000  0.00000  0.00000 -0.39842  0.00000  0.00000  0.00000  0.00000  0.00000  0.00000  0.00000  0.33553  0.00000
 0.00000  0.00000  1.20651  0.66954  0.00000  0.00000  0.67649  0.00000  0.81927 -0.81722 -1.08856  0.00000  0.00000  0.00000  0.78862  1.05800  0.00000  0.00000 -0.61054 -0.35138
 0.00000  0.86988  0.00000  0.00000  0.00000  0.56397 -0.79657  0.36806  0.85029  0.00000  0.00000  0.52563  0.00000 -0.76724  0.00000  0.00000  0.00000  0.00000 -0.90803 -0.48288
 0.00000 -1.08019 -1.99347 -1.78013  1.38580  0.00000 -1.13719 -0.71451  0.00000  0.00000  0.00000  0.00000  0.00000  0.00000  0.00000  0.00000 -0.66693  0.00000  0.00000  0.00000
 0.00000  0.00000  0.00000  0.68175  0.66963  0.00000  0.00000  0.00000  0.00000 -0.57449 -0.79704  0.36742 -1.27024  0.00000  0.00000  0.00000  0.32164  0.53723  0.00000  0.00000
-0.57607  0.69183  0.00000  0.00000  0.00000  0.00000  0.00000 -0.64723  0.00000 -0.69183 -0.86089  1.20305  0.00000 -0.52977  0.00000  0.00000  0.00000  0.00000  0.00000 -0.43956
 0.00000  0.00000 -0.69258  0.00000 -0.89683  0.00000 -0.56719  0.35860  0.00000 -0.81919  0.00000 -0.50589  0.00000  0.45254  0.00000  0.00000  0.00000  0.00000  0.28765 -0.45871
 0.00000  0.00000  0.00000  0.00000  0.00000  0.00000  0.65698  0.00000  0.00000 -0.91678  0.00000  0.00000  0.00000  0.00000  0.00000  0.00000  0.00000  0.00000  0.00000  0.00000
 0.36006 -0.71487  0.00000  0.00000  0.00000  0.00000  0.00000  0.00000  0.00000  0.00000  0.30215 -0.56154  0.43986  0.28622  0.00000  0.00000 -0.47151  0.00000  0.00000  0.26395
 0.28974 -0.58074 -0.82620 -0.98058  0.32460  0.00000 -0.74311  0.00000  0.00000  0.27548  0.39051  0.00000  0.32552  0.00000  0.00000 -0.45512  0.00000  0.00000  0.00000  0.33163
 0.00000  0.00000  0.00000  0.62571 -0.86232  0.36742  1.15087 -0.84236  0.00000 -0.56154 -0.55524  0.00000  0.00000 -0.54257 -1.33833  0.00000  0.52697  0.00000  0.00000 -0.64908
 0.00000  0.00000  0.00000  0.00000  0.00000  0.00000  0.00000  0.00000  0.00000  0.38857  0.43472 -1.07496  0.73736  0.00000  0.00000  0.00000 -1.57273  0.00000 -1.06826  0.00000
 0.00000  0.00000 -0.98058 -1.32686  0.00000  0.00000 -0.46077  0.56805  0.00000  0.36790  0.00000 -0.61668  0.57661  0.00000  0.00000 -0.47230 -1.04033  0.00000  0.00000  0.47497
 0.00000  0.00000 -1.77633  0.00000  0.00000 -1.82129  0.00000  0.00000  0.00000  0.00000  0.34503 -0.93286  0.00000  0.00000  0.00000  0.00000  0.00000  0.00000  0.00000  0.50523
-0.51861  0.00000  0.00000  0.00000  0.00000  0.00000 -0.43709  0.00000  0.00000  0.00000  0.00000  0.00000  0.00000  0.00000 -0.98038  0.51985  0.69859 -0.70131  0.00000 -0.59341
-0.72996  0.29568  0.33582  0.00000 -0.66693  0.46272  0.36542  0.00000  0.00000 -0.47151 -0.61769  0.30383  0.00000 -0.63487  0.46650  0.71057  0.51163 -0.86387 -0.48798 -0.39051
-0.88907  0.55100  0.00000  0.00000  1.97732  0.00000  0.00000  0.67552  0.00000  0.00000 -0.61428  0.00000  0.75307  0.00000  0.00000  0.00000 -0.70972  0.96945  0.00000 -0.57024
 0.29775  0.00000  0.00000 -0.75388  0.00000  0.00000  0.00000  0.48610  0.00000  0.34125  0.00000  0.00000  0.00000  0.00000  0.00000  0.00000  0.00000  0.00000  0.00000  0.00000
 0.47996  0.00000 -1.22685 -1.01351 -0.50683 -0.57865  0.00000  0.00000 -1.43176  0.41810  0.22712  0.00000 -0.76827  0.00000  0.00000 -0.82393 -0.29335  0.00000  0.00000  0.38074
