 0.00000 -1.80130  0.00000  0.00000  0.00000  0.00000  0.00000  0.88204  0.00000  0.00000  0.00000  0.00000  0.00000  0.00000  0.00000  0.00000  0.00000  0.67395  0.00000  0.00000
 0.00000  0.00000  0.00000  0.00000  0.00000  0.00000  1.19422  0.00000  0.82412  0.00000  0.00000  0.00000  0.00000  0.00000  0.00000  0.00000  0.50158  0.00000  0.00000  0.00000
 0.00000  0.00000  0.89208  0.00000  0.00000  0.99199  0.67662  0.00000  0.00000  0.00000 -1.13044  0.00000  1.02639  0.00000  0.00000  0.98118  0.00000  0.00000  0.00000  0.00000
 0.00000  1.26022  0.00000  1.24896  0.00000  0.00000  0.00000  0.00000  0.00000  0.00000  0.00000  1.31277  0.00000  0.00000  0.00000  0.95689  0.00000  0.00000  0.00000  0.00000
 0.00000  0.00000  0.00000  0.00000  1.14724  0.00000  0.00000  0.00000  0.92625  0.00000  0.00000  1.00235  0.00000  0.00000  0.00000  0.00000  0.00000  0.00000  0.00000  0.54876
 0.00000  0.00000  0.00000  0.00000  0.00000  0.00000  0.00000  0.92300  0.00000  0.00000  0.00000  0.00000  0.00000  0.00000  0.00000  0.00000  0.90220  0.00000  0.00000  0.00000
 0.00000  1.00006  0.00000  0.00000  0.00000  0.00000 -1.73607  0.00000  0.00000  0.00000  0.00000  1.02629  0.91629  0.00000  0.00000  0.00000  0.00000  0.00000  0.00000  0.00000
 0.00000  0.00000  0.00000  0.00000  0.00000  0.00000  0.00000  0.77430  0.94251  0.00000  0.00000  0.00000  0.00000  0.00000  0.00000  0.00000  0.00000  0.00000  0.00000  0.00000
 0.00000  1.11180  0.00000  0.00000  0.00000  0.00000  0.00000  0.00000  0.00000  0.00000  0.00000  0.00000  1.07682  0.00000  0.00000  0.00000  0.00000  0.00000  0.00000  0.00000
 0.51159 -1.02080  0.00000 -1.61985  0.00000  0.00000  0.00000  0.00000  0.00000  0.00000  0.00000  0.00000  0.90588  0.00000  0.77485  0.00000  0.00000  0.00000  0.00000  0.00000
 0.00000  0.00000  0.00000  0.00000 -1.55217  0.00000 -0.83508  0.00000  0.00000  0.00000  0.00000  0.00000  0.00000  0.00000  0.00000 -0.70487 -0.56631  0.00000  0.00000  0.00000
 0.00000  0.00000  0.00000  0.00000  0.00000  0.00000  1.26268  0.00000  0.78136  0.00000 -1.69706  0.00000  0.00000  0.00000  0.00000  0.00000  0.83831  0.00000  0.00000 -0.98242
 0.00000  0.00000  1.02639  0.00000  0.00000  0.00000  0.00000  0.00000  0.00000  0.00000  0.00000  0.00000  0.00000  0.00000  0.00000  0.00000  0.00000  0.00000  0.00000  0.00000
 0.00000  0.00000  0.00000  0.00000  0.00000  0.00000 -1.27397  0.00000  0.00000  0.00000  0.00000  0.00000  0.00000  0.44090  1.02422 -1.48023 -1.29287  0.00000  0.00000  0.38088
 0.00000  0.00000  0.00000  0.00000  0.00000  0.00000  0.00000  0.00000  0.00000  0.95718  0.00000  0.00000  0.00000  0.00000  0.00000  0.00000  0.00000  0.00000  0.00000  1.03831
-1.41148  0.00000  0.00000  0.00000  0.00000  0.00000  0.00000  0.00000  0.00000 -1.32413  0.00000  0.00000  0.00000  0.00000  0.00000  0.68462  0.67782  0.00000  0.00000  0.00000
 0.00000  0.00000  0.00000  1.00114  0.00000  0.00000  0.00000  0.00000  0.00000  0.00000 -1.48260  0.00000  0.00000  0.00000  0.00000 -0.98041  0.50622  0.00000 -0.83979  0.00000
 0.96163  0.00000  0.00000  0.00000  0.00000  0.00000  0.00000  0.00000  1.10214  0.00000  1.04409  0.00000  0.00000  1.01067  0.00000  0.00000  0.00000  0.00000  0.00000  0.00000
 0.00000  0.00000  0.00000  0.00000  1.06472  0.00000  0.00000  0.00000  0.00000  0.00000  0.95558  0.00000  0.00000  0.00000  0.00000  0.00000  0.00000  0.70162  0.00000  0.00000
 0.48736  0.00000  0.00000  0.00000  0.00000  0.00000 -0.85442  0.00000  0.00000  0.00000  0.33426  0.00000  0.00000  0.00000  0.00000  0.00000  0.00000  0.00000 -0.73773  0.00000
 
 0.00000  0.00000  0.00000  0.00000  0.00000  0.00000 -0.41122  0.00000  0.00000  0.32913  0.24986  0.00000  0.00000  0.00000  0.00000 -0.35787  0.00000  0.00000  0.00000  0.20977
-0.45514  0.00000  0.00000  1.00415  0.00000  0.96345  0.92262  0.00000  0.00000 -0.39318 -0.37451  0.00000  0.00000 -0.51109  0.00000  0.00000  0.27572  0.00000  0.00000  0.00000
 0.00000  0.00000  1.15897  0.82501 -1.10946  0.00000  0.60038  0.00000  0.00000 -0.56881 -1.06447  0.00000  0.00000 -0.65100  0.00000  0.93311  0.00000  0.00000 -0.75078  0.00000
 0.00000  0.88155  0.60187  0.00000  0.00000  0.00000 -0.88827  0.00000  0.00000  0.00000  0.00000  0.62092  0.00000 -1.24584  0.00000  0.00000  0.00000  0.00000 -1.22784 -1.25257
 0.00000 -1.48037 -1.80260 -1.58651  1.71280  0.00000 -1.09552 -1.00828  0.00000  0.00000  0.00000  0.00000  0.00000  0.00000  0.00000  0.00000 -1.11096  0.00000  0.00000 -0.47899
 0.00000  0.00000  0.00000  0.55193  0.70135  0.00000  0.00000  0.00000  0.00000 -0.60585 -0.69320  0.48841 -1.35336  0.00000  0.00000  0.00000  0.00000  0.00000  0.00000  0.00000
-0.78591  0.80199  0.00000  0.00000  0.00000  0.00000  0.00000 -0.88541  0.00000 -0.79329 -0.70878  1.21727  0.00000 -0.93717  0.00000  0.00000  0.32921 -0.82545  0.00000 -0.58723
 0.00000 -0.49706  0.00000  0.00000  0.00000  0.00000 -0.44357  0.47813 -1.02005 -0.42318  0.32073 -0.88029  0.00000  0.00000  0.00000  0.00000  0.00000  0.00000  0.29138 -0.26888
 0.00000  0.00000  1.24589  0.88662  0.00000  0.00000  0.64672  0.52039  0.00000  0.00000 -0.74335  0.00000  0.00000  0.00000  0.00000  0.00000  0.00000  0.00000 -0.87150  0.00000
 0.00000 -0.69856  0.00000 -0.67117  0.00000 -1.22489 -0.46786  0.00000  0.00000  0.54775  0.00000 -0.95523  0.00000  0.29153 -2.21529 -0.40447 -0.55230 -0.74188  0.00000  0.00000
 0.23482 -0.68816 -0.62263 -0.74301  0.43603  0.00000 -0.82001  0.00000  0.00000  0.34807  0.47359  0.00000  0.00000  0.00000  0.00000 -0.62249  0.00000 -0.58488  0.00000  0.28268
-0.47064  0.00000  0.00000  1.06275  0.00000  0.64256  1.13026 -1.13161  0.00000 -0.51991 -0.51261  0.00000  0.00000 -0.83675  0.56846  0.00000  0.38085 -0.82034  0.00000 -0.62294
 0.00000  0.00000 -1.84241  0.00000  0.00000  0.00000  0.00000  0.00000  0.00000  0.00000  0.36233 -1.13021  0.61154  0.45301  0.70077  0.00000  0.00000  0.00000 -0.78175  0.00000
 0.00000  0.00000 -0.90232  0.00000  0.00000  0.00000  0.00000  0.47182  0.49679  0.41133  0.00000 -1.03742  0.58655  0.00000  0.46814  0.00000 -0.67498  0.00000  0.00000  0.42129
 0.00000  0.00000  0.00000  0.00000  1.02826  0.00000  0.00000  0.00000  0.00000 -0.82899  0.00000  0.00000  0.00000  0.00000  0.00000  0.00000  0.00000  0.00000  0.00000  0.00000
-0.40439  0.00000  0.46311  0.00000  0.00000  0.00000  0.00000  0.00000  0.00000 -0.40447 -0.39197  0.35432  0.00000  0.00000 -1.31121  0.61294  0.69588  0.00000  0.00000 -0.54485
-0.37787  0.00000  0.47958  0.00000  0.00000  0.54018  0.46274  0.00000  0.00000 -0.35814 -0.59597  0.33433  0.00000 -0.58797  0.00000  0.75725  0.55391  0.00000 -0.61253 -0.46117
 0.00000  0.00000  0.00000  0.00000  2.00267  0.00000  0.00000  0.53226  0.69813  0.00000  0.00000  0.00000  0.63373  0.00000  1.23379  0.00000 -1.63940  0.76129  0.00000 -0.65075
 0.34783  0.00000  0.00000  0.00000  0.00000  0.00000  0.00000  0.40644  0.00000  0.00000 -0.35520  0.00000  0.00000  0.37192  0.00000  0.00000 -0.38073  0.00000  0.00000  0.00000
 0.36961 -0.48965 -1.01668 -0.71358  0.00000 -0.67423  0.00000  0.00000 -0.64492  0.51364  0.34284  0.00000 -0.44981  0.00000  0.00000 -1.07548 -0.36208  0.00000  0.00000  0.38197
